Band,Channel,Wavelength,RSR
20,1,3612.3999,0.01
20,1,3616.3599,0.0118
20,1,3626.4927,0.01987
20,1,3636.3862,0.03226
20,1,3646.468,0.05028
20,1,3656.4937,0.0849
20,1,3666.4478,0.16645
20,1,3676.5388,0.33792
20,1,3686.5413,0.59106
20,1,3696.4585,0.81815
20,1,3706.5142,0.96077
20,1,3716.509,0.92855
20,1,3726.4658,0.86008
20,1,3736.4102,0.8661
20,1,3746.3682,0.87697
20,1,3756.3652,0.85412
20,1,3766.4226,0.88922
20,1,3776.3396,0.9541
20,1,3786.3384,0.95687
20,1,3796.4207,0.91037
20,1,3806.3589,0.91058
20,1,3816.3606,0.94256
20,1,3826.4089,0.94719
20,1,3836.4836,0.94808
20,1,3846.3381,1.0
20,1,3856.3975,0.92676
20,1,3866.4163,0.67429
20,1,3876.3755,0.44715
20,1,3886.4797,0.27762
20,1,3896.4978,0.14852
20,1,3906.4275,0.07141
20,1,3916.4873,0.04151
20,1,3926.4729,0.02925
20,1,3936.4026,0.02085
20,1,3946.5107,0.01414
20,1,3953.5347,0.01
20,2,3612.3999,0.01
20,2,3616.3599,0.0118
20,2,3626.4927,0.01987
20,2,3636.3862,0.03226
20,2,3646.468,0.05028
20,2,3656.4937,0.0849
20,2,3666.4478,0.16645
20,2,3676.5388,0.33792
20,2,3686.5413,0.59106
20,2,3696.4585,0.81815
20,2,3706.5142,0.96077
20,2,3716.509,0.92855
20,2,3726.4658,0.86008
20,2,3736.4102,0.8661
20,2,3746.3682,0.87697
20,2,3756.3652,0.85412
20,2,3766.4226,0.88922
20,2,3776.3396,0.9541
20,2,3786.3384,0.95687
20,2,3796.4207,0.91037
20,2,3806.3589,0.91058
20,2,3816.3606,0.94256
20,2,3826.4089,0.94719
20,2,3836.4836,0.94808
20,2,3846.3381,1.0
20,2,3856.3975,0.92676
20,2,3866.4163,0.67429
20,2,3876.3755,0.44715
20,2,3886.4797,0.27762
20,2,3896.4978,0.14852
20,2,3906.4275,0.07141
20,2,3916.4873,0.04151
20,2,3926.4729,0.02925
20,2,3936.4026,0.02085
20,2,3946.5107,0.01414
20,2,3953.5347,0.01
20,3,3611.0259,0.01
20,3,3618.6538,0.01366
20,3,3628.7866,0.02103
20,3,3638.6802,0.03276
20,3,3648.762,0.05772
20,3,3658.7876,0.10746
20,3,3668.7417,0.20061
20,3,3678.8328,0.37432
20,3,3688.8352,0.62011
20,3,3698.7524,0.8683
20,3,3708.8081,0.96044
20,3,3718.803,0.90856
20,3,3728.7598,0.86557
20,3,3738.7041,0.83866
20,3,3748.6621,0.82149
20,3,3758.6592,0.85329
20,3,3768.7166,0.91889
20,3,3778.6335,0.94418
20,3,3788.6323,0.92509
20,3,3798.7146,0.92079
20,3,3808.6528,0.92586
20,3,3818.6545,0.91116
20,3,3828.7029,0.91623
20,3,3838.7776,0.97134
20,3,3848.6321,1.0
20,3,3858.6914,0.86393
20,3,3868.7102,0.63961
20,3,3878.6694,0.40818
20,3,3888.7737,0.21239
20,3,3898.7917,0.10599
20,3,3908.7214,0.06492
20,3,3918.7812,0.04306
20,3,3928.7668,0.02857
20,3,3938.6965,0.01765
20,3,3948.8047,0.01015
20,3,3949.2515,0.01
20,4,3610.8135,0.01
20,4,3619.9221,0.01403
20,4,3630.0549,0.02117
20,4,3639.9485,0.03648
20,4,3650.0303,0.06545
20,4,3660.0559,0.11727
20,4,3670.01,0.21057
20,4,3680.1011,0.39103
20,4,3690.1035,0.66986
20,4,3700.0208,0.91337
20,4,3710.0764,0.95439
20,4,3720.0713,0.9036
20,4,3730.0281,0.8451
20,4,3739.9724,0.80119
20,4,3749.9304,0.8218
20,4,3759.9275,0.8792
20,4,3769.9849,0.92114
20,4,3779.9019,0.92274
20,4,3789.9006,0.92899
20,4,3799.9829,0.93034
20,4,3809.9211,0.90697
20,4,3819.9229,0.88894
20,4,3829.9712,0.93665
20,4,3840.0459,1.0
20,4,3849.9004,0.99734
20,4,3859.9597,0.85449
20,4,3869.9785,0.61989
20,4,3879.9377,0.35049
20,4,3890.042,0.1752
20,4,3900.0601,0.10479
20,4,3909.9897,0.06786
20,4,3920.0496,0.0428
20,4,3930.0352,0.02473
20,4,3939.9648,0.01394
20,4,3949.1204,0.01
20,5,3612.022,0.01
20,5,3620.7944,0.01358
20,5,3630.9272,0.02249
20,5,3640.8208,0.03954
20,5,3650.9026,0.0683
20,5,3660.9282,0.11805
20,5,3670.8823,0.21323
20,5,3680.9734,0.42109
20,5,3690.9758,0.7063
20,5,3700.8931,0.91414
20,5,3710.9487,0.92709
20,5,3720.9436,0.87418
20,5,3730.9004,0.80044
20,5,3740.8447,0.78704
20,5,3750.8027,0.8324
20,5,3760.7998,0.87685
20,5,3770.8572,0.89278
20,5,3780.7742,0.90818
20,5,3790.7729,0.92681
20,5,3800.8552,0.90927
20,5,3810.7935,0.87445
20,5,3820.7952,0.89122
20,5,3830.8435,0.95425
20,5,3840.9182,1.0
20,5,3850.7727,0.98234
20,5,3860.832,0.83554
20,5,3870.8508,0.56656
20,5,3880.8101,0.30093
20,5,3890.9143,0.17225
20,5,3900.9324,0.1073
20,5,3910.8621,0.06689
20,5,3920.9219,0.0378
20,5,3930.9075,0.02005
20,5,3940.8372,0.01331
20,5,3950.9453,0.01008
20,5,3951.2632,0.01
20,6,3613.3123,0.01
20,6,3621.1133,0.01368
20,6,3631.2461,0.0239
20,6,3641.1396,0.04055
20,6,3651.2214,0.06808
20,6,3661.2471,0.11563
20,6,3671.2012,0.22467
20,6,3681.2922,0.44507
20,6,3691.2947,0.72248
20,6,3701.2119,0.89895
20,6,3711.2676,0.90556
20,6,3721.2625,0.84566
20,6,3731.2192,0.7822
20,6,3741.1636,0.79623
20,6,3751.1216,0.8374
20,6,3761.1187,0.86371
20,6,3771.176,0.87957
20,6,3781.093,0.91271
20,6,3791.0918,0.92419
20,6,3801.1741,0.89241
20,6,3811.1123,0.8736
20,6,3821.114,0.91109
20,6,3831.1624,0.96566
20,6,3841.2371,1.0
20,6,3851.0916,0.98279
20,6,3861.1509,0.8179
20,6,3871.1697,0.52325
20,6,3881.1289,0.29167
20,6,3891.2332,0.17741
20,6,3901.2512,0.10777
20,6,3911.1809,0.06313
20,6,3921.2407,0.0326
20,6,3931.2263,0.01913
20,6,3941.156,0.01401
20,6,3951.2642,0.01055
20,6,3953.0959,0.01
20,7,3613.5698,0.01
20,7,3620.9478,0.01395
20,7,3631.0806,0.0241
20,7,3640.9741,0.04003
20,7,3651.0559,0.06637
20,7,3661.0815,0.11421
20,7,3671.0356,0.23146
20,7,3681.1267,0.44724
20,7,3691.1292,0.71667
20,7,3701.0464,0.87748
20,7,3711.1021,0.88709
20,7,3721.0969,0.82628
20,7,3731.0537,0.77759
20,7,3740.998,0.79817
20,7,3750.9561,0.83162
20,7,3760.9531,0.85118
20,7,3771.0105,0.87694
20,7,3780.9275,0.9156
20,7,3790.9263,0.91937
20,7,3801.0085,0.88532
20,7,3810.9468,0.88188
20,7,3820.9485,0.92193
20,7,3830.9968,0.9692
20,7,3841.0715,1.0
20,7,3850.926,0.98388
20,7,3860.9854,0.80537
20,7,3871.0042,0.50583
20,7,3880.9634,0.29567
20,7,3891.0676,0.18012
20,7,3901.0857,0.10709
20,7,3911.0154,0.05933
20,7,3921.0752,0.0304
20,7,3931.0608,0.0197
20,7,3940.9905,0.01455
20,7,3951.0986,0.01068
20,7,3953.2271,0.01
20,8,3613.3528,0.01
20,8,3620.3462,0.01385
20,8,3630.479,0.02355
20,8,3640.3726,0.03907
20,8,3650.4543,0.06464
20,8,3660.48,0.11123
20,8,3670.4341,0.22508
20,8,3680.5251,0.43518
20,8,3690.5276,0.70083
20,8,3700.4448,0.85928
20,8,3710.5005,0.87486
20,8,3720.4954,0.81683
20,8,3730.4521,0.77133
20,8,3740.3965,0.79352
20,8,3750.3545,0.82543
20,8,3760.3516,0.84513
20,8,3770.4089,0.87418
20,8,3780.3259,0.91535
20,8,3790.3247,0.91846
20,8,3800.407,0.88576
20,8,3810.3452,0.88414
20,8,3820.3469,0.92437
20,8,3830.3953,0.97067
20,8,3840.47,1.0
20,8,3850.3245,0.98861
20,8,3860.3838,0.81249
20,8,3870.4026,0.51027
20,8,3880.3618,0.30115
20,8,3890.4661,0.18316
20,8,3900.4841,0.10855
20,8,3910.4138,0.05898
20,8,3920.4736,0.03062
20,8,3930.4592,0.02006
20,8,3940.3889,0.01496
20,8,3950.4971,0.01079
20,8,3953.1191,0.01
20,9,3613.9858,0.01
20,9,3619.3689,0.01261
20,9,3629.5017,0.02214
20,9,3639.3953,0.0374
20,9,3649.4771,0.06323
20,9,3659.5027,0.10194
20,9,3669.4568,0.2036
20,9,3679.5479,0.41098
20,9,3689.5503,0.67964
20,9,3699.4675,0.84535
20,9,3709.5232,0.87153
20,9,3719.5181,0.81721
20,9,3729.4749,0.75577
20,9,3739.4192,0.7861
20,9,3749.3772,0.83217
20,9,3759.3743,0.85369
20,9,3769.4316,0.86805
20,9,3779.3486,0.91659
20,9,3789.3474,0.93275
20,9,3799.4297,0.8908
20,9,3809.3679,0.87284
20,9,3819.3696,0.92148
20,9,3829.418,0.9796
20,9,3839.4927,1.0
20,9,3849.3472,0.9951
20,9,3859.4065,0.84108
20,9,3869.4253,0.52453
20,9,3879.3845,0.30009
20,9,3889.4888,0.18784
20,9,3899.5068,0.11496
20,9,3909.4365,0.06497
20,9,3919.4963,0.0313
20,9,3929.4819,0.01961
20,9,3939.4116,0.01482
20,9,3949.5198,0.0109
20,9,3952.7925,0.01
20,10,3613.9858,0.01
20,10,3619.3689,0.01261
20,10,3629.5017,0.02214
20,10,3639.3953,0.0374
20,10,3649.4771,0.06323
20,10,3659.5027,0.10194
20,10,3669.4568,0.2036
20,10,3679.5479,0.41098
20,10,3689.5503,0.67964
20,10,3699.4675,0.84535
20,10,3709.5232,0.87153
20,10,3719.5181,0.81721
20,10,3729.4749,0.75577
20,10,3739.4192,0.7861
20,10,3749.3772,0.83217
20,10,3759.3743,0.85369
20,10,3769.4316,0.86805
20,10,3779.3486,0.91659
20,10,3789.3474,0.93275
20,10,3799.4297,0.8908
20,10,3809.3679,0.87284
20,10,3819.3696,0.92148
20,10,3829.418,0.9796
20,10,3839.4927,1.0
20,10,3849.3472,0.9951
20,10,3859.4065,0.84108
20,10,3869.4253,0.52453
20,10,3879.3845,0.30009
20,10,3889.4888,0.18784
20,10,3899.5068,0.11496
20,10,3909.4365,0.06497
20,10,3919.4963,0.0313
20,10,3929.4819,0.01961
20,10,3939.4116,0.01482
20,10,3949.5198,0.0109
20,10,3952.7925,0.01
