Band,Channel,Wavelength,RSR
23,1,3970.803,0.01
23,1,3971.4856,0.01047
23,1,3976.5769,0.01601
23,1,3981.4722,0.02377
23,1,3986.5989,0.03536
23,1,3991.5312,0.05288
23,1,3996.4839,0.07813
23,1,4001.457,0.11858
23,1,4006.4512,0.18052
23,1,4011.4658,0.27474
23,1,4016.5002,0.41168
23,1,4021.5535,0.58306
23,1,4026.624,0.75628
23,1,4031.4883,0.88875
23,1,4036.5864,0.96641
23,1,4041.4729,0.99504
23,1,4046.5891,0.99834
23,1,4051.488,0.99459
23,1,4056.6113,0.98008
23,1,4061.511,0.97194
23,1,4066.6296,0.9808
23,1,4071.519,0.98692
23,1,4076.6213,0.99411
23,1,4081.4902,1.0
23,1,4086.5659,0.99572
23,1,4091.6245,0.96301
23,1,4096.4453,0.86156
23,1,4101.4658,0.68464
23,1,4106.4648,0.45461
23,1,4111.4424,0.26786
23,1,4116.6123,0.14594
23,1,4121.5449,0.08513
23,1,4126.4561,0.05358
23,1,4131.5596,0.03456
23,1,4136.4316,0.02357
23,1,4141.498,0.01515
23,1,4146.5488,0.01004
23,1,4146.6006,0.01
23,2,3970.803,0.01
23,2,3971.4856,0.01047
23,2,3976.5769,0.01601
23,2,3981.4722,0.02377
23,2,3986.5989,0.03536
23,2,3991.5312,0.05288
23,2,3996.4839,0.07813
23,2,4001.457,0.11858
23,2,4006.4512,0.18052
23,2,4011.4658,0.27474
23,2,4016.5002,0.41168
23,2,4021.5535,0.58306
23,2,4026.624,0.75628
23,2,4031.4883,0.88875
23,2,4036.5864,0.96641
23,2,4041.4729,0.99504
23,2,4046.5891,0.99834
23,2,4051.488,0.99459
23,2,4056.6113,0.98008
23,2,4061.511,0.97194
23,2,4066.6296,0.9808
23,2,4071.519,0.98692
23,2,4076.6213,0.99411
23,2,4081.4902,1.0
23,2,4086.5659,0.99572
23,2,4091.6245,0.96301
23,2,4096.4453,0.86156
23,2,4101.4658,0.68464
23,2,4106.4648,0.45461
23,2,4111.4424,0.26786
23,2,4116.6123,0.14594
23,2,4121.5449,0.08513
23,2,4126.4561,0.05358
23,2,4131.5596,0.03456
23,2,4136.4316,0.02357
23,2,4141.498,0.01515
23,2,4146.5488,0.01004
23,2,4146.6006,0.01
23,3,3971.9856,0.01
23,3,3973.9089,0.01134
23,3,3979.0002,0.0167
23,3,3983.8955,0.02471
23,3,3989.0222,0.03833
23,3,3993.9546,0.06087
23,3,3998.9072,0.09752
23,3,4003.8804,0.15558
23,3,4008.8745,0.2424
23,3,4013.8892,0.36108
23,3,4018.9236,0.50541
23,3,4023.9768,0.65132
23,3,4029.0474,0.77395
23,3,4033.9116,0.86183
23,3,4039.0098,0.92584
23,3,4043.8962,0.96964
23,3,4049.0125,0.99399
23,3,4053.9114,1.0
23,3,4059.0347,0.98511
23,3,4063.9343,0.96374
23,3,4069.053,0.94872
23,3,4073.9424,0.93769
23,3,4079.0447,0.94094
23,3,4083.9136,0.95187
23,3,4088.9893,0.94914
23,3,4094.0479,0.88666
23,3,4098.8691,0.74125
23,3,4103.8896,0.54676
23,3,4108.8887,0.35964
23,3,4113.8662,0.22926
23,3,4119.0361,0.13957
23,3,4123.9688,0.08461
23,3,4128.8799,0.05006
23,3,4133.9834,0.0291
23,3,4138.8555,0.01741
23,3,4143.8008,0.01
23,4,3971.9338,0.01
23,4,3974.6948,0.01244
23,4,3979.7861,0.01954
23,4,3984.6814,0.02999
23,4,3989.8081,0.04663
23,4,3994.7405,0.07104
23,4,3999.6931,0.10675
23,4,4004.6663,0.16079
23,4,4009.6604,0.2426
23,4,4014.675,0.35848
23,4,4019.7095,0.50892
23,4,4024.7627,0.67574
23,4,4029.8333,0.82439
23,4,4034.6975,0.92833
23,4,4039.7957,0.98478
23,4,4044.6821,1.0
23,4,4049.7983,0.99383
23,4,4054.6973,0.97964
23,4,4059.8206,0.95864
23,4,4064.7202,0.94854
23,4,4069.8389,0.9555
23,4,4074.7283,0.96855
23,4,4079.8306,0.98689
23,4,4084.6995,0.99541
23,4,4089.7751,0.97355
23,4,4094.8337,0.8884
23,4,4099.6548,0.73778
23,4,4104.6753,0.54295
23,4,4109.6743,0.34259
23,4,4114.6519,0.19478
23,4,4119.8218,0.10351
23,4,4124.7544,0.05849
23,4,4129.6655,0.03584
23,4,4134.769,0.02263
23,4,4139.6411,0.01518
23,4,4144.707,0.01013
23,4,4144.8921,0.01
23,5,3971.1643,0.01
23,5,3975.9277,0.0142
23,5,3981.019,0.02034
23,5,3985.9143,0.02888
23,5,3991.041,0.04293
23,5,3995.9734,0.06564
23,5,4000.926,0.10444
23,5,4005.8992,0.16914
23,5,4010.8933,0.2706
23,5,4015.908,0.41116
23,5,4020.9424,0.57888
23,5,4025.9956,0.74379
23,5,4031.0662,0.8602
23,5,4035.9304,0.92151
23,5,4041.0286,0.95425
23,5,4045.915,0.97537
23,5,4051.0312,0.9904
23,5,4055.9302,1.0
23,5,4061.0535,0.99816
23,5,4065.9531,0.99253
23,5,4071.0718,0.98562
23,5,4075.9612,0.97635
23,5,4081.0635,0.97472
23,5,4085.9324,0.97471
23,5,4091.0081,0.94961
23,5,4096.0664,0.85219
23,5,4100.8877,0.67287
23,5,4105.9082,0.4545
23,5,4110.9072,0.27371
23,5,4115.8848,0.16666
23,5,4121.0547,0.10282
23,5,4125.9873,0.06608
23,5,4130.8984,0.04342
23,5,4136.002,0.02758
23,5,4140.874,0.01751
23,5,4145.9399,0.01034
23,5,4146.3267,0.01
23,6,3973.7983,0.01
23,6,3975.8462,0.01149
23,6,3980.9375,0.01773
23,6,3985.8328,0.02767
23,6,3990.9595,0.04496
23,6,3995.8918,0.07312
23,6,4000.8445,0.11843
23,6,4005.8176,0.18787
23,6,4010.8118,0.28717
23,6,4015.8264,0.41218
23,6,4020.8608,0.54813
23,6,4025.9141,0.67875
23,6,4030.9846,0.78895
23,6,4035.8489,0.87732
23,6,4040.947,0.94454
23,6,4045.8335,0.9844
23,6,4050.9497,1.0
23,6,4055.8486,0.99581
23,6,4060.9719,0.97013
23,6,4065.8716,0.94084
23,6,4070.9902,0.92228
23,6,4075.8796,0.92269
23,6,4080.9819,0.9438
23,6,4085.8508,0.95898
23,6,4090.9265,0.93304
23,6,4095.9851,0.82205
23,6,4100.8062,0.64722
23,6,4105.8267,0.46009
23,6,4110.8257,0.30327
23,6,4115.8032,0.19317
23,6,4120.9731,0.1155
23,6,4125.9058,0.06734
23,6,4130.8169,0.03791
23,6,4135.9204,0.02072
23,6,4140.7925,0.01182
23,6,4142.6665,0.01
23,7,3972.5181,0.01
23,7,3975.4482,0.01268
23,7,3980.5396,0.02035
23,7,3985.4348,0.0321
23,7,3990.5615,0.05148
23,7,3995.4939,0.0801
23,7,4000.4465,0.12221
23,7,4005.4197,0.18147
23,7,4010.4138,0.26536
23,7,4015.4285,0.37903
23,7,4020.4629,0.52285
23,7,4025.5161,0.6827
23,7,4030.5867,0.82308
23,7,4035.4509,0.92399
23,7,4040.5491,0.98227
23,7,4045.4355,1.0
23,7,4050.5518,0.99118
23,7,4055.4507,0.97131
23,7,4060.574,0.94396
23,7,4065.4736,0.93102
23,7,4070.5923,0.93974
23,7,4075.4817,0.96078
23,7,4080.584,0.98879
23,7,4085.4529,0.99752
23,7,4090.5286,0.96415
23,7,4095.5872,0.85772
23,7,4100.4082,0.69773
23,7,4105.4287,0.51044
23,7,4110.4277,0.32881
23,7,4115.4053,0.18876
23,7,4120.5752,0.09719
23,7,4125.5078,0.05256
23,7,4130.4189,0.03065
23,7,4135.5225,0.01916
23,7,4140.3945,0.01273
23,7,4143.6641,0.01
23,8,3971.2195,0.01
23,8,3975.166,0.01408
23,8,3980.2573,0.02158
23,8,3985.1526,0.03201
23,8,3990.2793,0.04861
23,8,3995.2117,0.07137
23,8,4000.1643,0.10339
23,8,4005.1375,0.15502
23,8,4010.1316,0.23983
23,8,4015.1462,0.36739
23,8,4020.1807,0.52952
23,8,4025.2339,0.7055
23,8,4030.3044,0.84905
23,8,4035.1687,0.9384
23,8,4040.2668,0.97512
23,8,4045.1533,0.97699
23,8,4050.2695,0.96618
23,8,4055.1685,0.95896
23,8,4060.2917,0.95323
23,8,4065.1914,0.95668
23,8,4070.3101,0.97354
23,8,4075.1995,0.98631
23,8,4080.3018,1.0
23,8,4085.1707,0.99881
23,8,4090.2463,0.97077
23,8,4095.3049,0.88062
23,8,4100.126,0.72289
23,8,4105.1465,0.51262
23,8,4110.1455,0.30291
23,8,4115.123,0.16279
23,8,4120.293,0.08966
23,8,4125.2256,0.05489
23,8,4130.1367,0.03535
23,8,4135.2402,0.02365
23,8,4140.1123,0.01624
23,8,4145.1782,0.0111
23,8,4146.6719,0.01
23,9,3970.4026,0.01
23,9,3974.5457,0.01413
23,9,3979.637,0.02059
23,9,3984.5322,0.02924
23,9,3989.6589,0.04093
23,9,3994.5913,0.05832
23,9,3999.5439,0.08896
23,9,4004.5171,0.13963
23,9,4009.5112,0.22743
23,9,4014.5259,0.35974
23,9,4019.5603,0.52886
23,9,4024.6135,0.7141
23,9,4029.6841,0.85777
23,9,4034.5483,0.93249
23,9,4039.6465,0.95651
23,9,4044.533,0.96154
23,9,4049.6492,0.96326
23,9,4054.5481,0.97369
23,9,4059.6714,0.98039
23,9,4064.571,0.98965
23,9,4069.6897,1.0
23,9,4074.5791,0.99535
23,9,4079.6814,0.99127
23,9,4084.5503,0.98417
23,9,4089.626,0.97256
23,9,4094.6846,0.90574
23,9,4099.5059,0.75203
23,9,4104.5264,0.52282
23,9,4109.5254,0.30288
23,9,4114.5029,0.17384
23,9,4119.6729,0.10444
23,9,4124.6055,0.06832
23,9,4129.5166,0.04584
23,9,4134.6201,0.03128
23,9,4139.4922,0.021
23,9,4144.5576,0.01373
23,9,4148.2671,0.01
23,10,3970.4026,0.01
23,10,3974.5457,0.01413
23,10,3979.637,0.02059
23,10,3984.5322,0.02924
23,10,3989.6589,0.04093
23,10,3994.5913,0.05832
23,10,3999.5439,0.08896
23,10,4004.5171,0.13963
23,10,4009.5112,0.22743
23,10,4014.5259,0.35974
23,10,4019.5603,0.52886
23,10,4024.6135,0.7141
23,10,4029.6841,0.85777
23,10,4034.5483,0.93249
23,10,4039.6465,0.95651
23,10,4044.533,0.96154
23,10,4049.6492,0.96326
23,10,4054.5481,0.97369
23,10,4059.6714,0.98039
23,10,4064.571,0.98965
23,10,4069.6897,1.0
23,10,4074.5791,0.99535
23,10,4079.6814,0.99127
23,10,4084.5503,0.98417
23,10,4089.626,0.97256
23,10,4094.6846,0.90574
23,10,4099.5059,0.75203
23,10,4104.5264,0.52282
23,10,4109.5254,0.30288
23,10,4114.5029,0.17384
23,10,4119.6729,0.10444
23,10,4124.6055,0.06832
23,10,4129.5166,0.04584
23,10,4134.6201,0.03128
23,10,4139.4922,0.021
23,10,4144.5576,0.01373
23,10,4148.2671,0.01
