Band,Channel,Wavelength,RSR
27,1,6502.6064,0.01
27,1,6504.3936,0.01053
27,1,6519.5098,0.01717
27,1,6534.4048,0.02607
27,1,6549.4805,0.03933
27,1,6564.4053,0.05709
27,1,6579.4683,0.08474
27,1,6594.396,0.11987
27,1,6609.4692,0.16403
27,1,6624.3481,0.21377
27,1,6639.4194,0.26975
27,1,6654.4419,0.34709
27,1,6669.335,0.42392
27,1,6684.4087,0.50348
27,1,6699.3726,0.59216
27,1,6714.3511,0.67686
27,1,6729.4966,0.77999
27,1,6744.4268,0.87343
27,1,6759.3926,0.94993
27,1,6774.4888,0.98981
27,1,6789.4487,1.0
27,1,6804.3633,0.99412
27,1,6819.4746,0.9601
27,1,6834.3916,0.87376
27,1,6849.4565,0.75226
27,1,6864.3926,0.59611
27,1,6879.5034,0.46389
27,1,6894.4966,0.35653
27,1,6909.4961,0.27591
27,1,6924.4629,0.22222
27,1,6939.4072,0.18025
27,1,6954.3906,0.14845
27,1,6969.5112,0.12614
27,1,6984.5112,0.10756
27,1,6999.4785,0.0914
27,1,7014.4551,0.07999
27,1,7029.4292,0.07139
27,1,7044.3472,0.06099
27,1,7059.5171,0.05069
27,1,7074.4468,0.04152
27,1,7089.439,0.03389
27,1,7104.4214,0.02414
27,1,7119.3647,0.01798
27,1,7134.4761,0.01107
27,1,7139.5483,0.01
27,2,6502.6064,0.01
27,2,6504.3936,0.01053
27,2,6519.5098,0.01717
27,2,6534.4048,0.02607
27,2,6549.4805,0.03933
27,2,6564.4053,0.05709
27,2,6579.4683,0.08474
27,2,6594.396,0.11987
27,2,6609.4692,0.16403
27,2,6624.3481,0.21377
27,2,6639.4194,0.26975
27,2,6654.4419,0.34709
27,2,6669.335,0.42392
27,2,6684.4087,0.50348
27,2,6699.3726,0.59216
27,2,6714.3511,0.67686
27,2,6729.4966,0.77999
27,2,6744.4268,0.87343
27,2,6759.3926,0.94993
27,2,6774.4888,0.98981
27,2,6789.4487,1.0
27,2,6804.3633,0.99412
27,2,6819.4746,0.9601
27,2,6834.3916,0.87376
27,2,6849.4565,0.75226
27,2,6864.3926,0.59611
27,2,6879.5034,0.46389
27,2,6894.4966,0.35653
27,2,6909.4961,0.27591
27,2,6924.4629,0.22222
27,2,6939.4072,0.18025
27,2,6954.3906,0.14845
27,2,6969.5112,0.12614
27,2,6984.5112,0.10756
27,2,6999.4785,0.0914
27,2,7014.4551,0.07999
27,2,7029.4292,0.07139
27,2,7044.3472,0.06099
27,2,7059.5171,0.05069
27,2,7074.4468,0.04152
27,2,7089.439,0.03389
27,2,7104.4214,0.02414
27,2,7119.3647,0.01798
27,2,7134.4761,0.01107
27,2,7139.5483,0.01
27,3,6501.6206,0.01
27,3,6504.478,0.01088
27,3,6519.5942,0.01775
27,3,6534.4893,0.02761
27,3,6549.5649,0.04119
27,3,6564.4897,0.05937
27,3,6579.5527,0.08477
27,3,6594.4805,0.11696
27,3,6609.5537,0.15649
27,3,6624.4326,0.20107
27,3,6639.5039,0.25403
27,3,6654.5264,0.32646
27,3,6669.4194,0.40028
27,3,6684.4932,0.48032
27,3,6699.457,0.57179
27,3,6714.4355,0.66299
27,3,6729.5811,0.77224
27,3,6744.5112,0.87372
27,3,6759.4771,0.95115
27,3,6774.5732,0.99204
27,3,6789.5332,1.0
27,3,6804.4478,0.99553
27,3,6819.5591,0.95315
27,3,6834.4761,0.86905
27,3,6849.541,0.74616
27,3,6864.4771,0.59658
27,3,6879.5879,0.47498
27,3,6894.5811,0.37063
27,3,6909.5806,0.28819
27,3,6924.5474,0.22925
27,3,6939.4917,0.18255
27,3,6954.4751,0.14612
27,3,6969.5957,0.11867
27,3,6984.5957,0.09802
27,3,6999.563,0.08099
27,3,7014.5396,0.06857
27,3,7029.5137,0.05849
27,3,7044.4316,0.04878
27,3,7059.6016,0.04002
27,3,7074.5312,0.03327
27,3,7089.5234,0.02714
27,3,7104.5059,0.02077
27,3,7119.4492,0.01618
27,3,7134.5605,0.01093
27,3,7140.5654,0.01
27,4,6502.1836,0.01
27,4,6507.6709,0.0119
27,4,6522.7871,0.02017
27,4,6537.6821,0.03188
27,4,6552.7578,0.04664
27,4,6567.6826,0.06464
27,4,6582.7456,0.09055
27,4,6597.6733,0.12281
27,4,6612.7466,0.16209
27,4,6627.6255,0.20591
27,4,6642.6968,0.25995
27,4,6657.7192,0.33361
27,4,6672.6123,0.40798
27,4,6687.686,0.49146
27,4,6702.6499,0.5843
27,4,6717.6284,0.67676
27,4,6732.7739,0.7856
27,4,6747.7041,0.88345
27,4,6762.6699,0.95738
27,4,6777.7661,0.99424
27,4,6792.7261,1.0
27,4,6807.6406,0.99208
27,4,6822.752,0.948
27,4,6837.6689,0.86745
27,4,6852.7339,0.7466
27,4,6867.6699,0.59715
27,4,6882.7808,0.46824
27,4,6897.7739,0.3545
27,4,6912.7734,0.26713
27,4,6927.7402,0.20784
27,4,6942.6846,0.16314
27,4,6957.668,0.12841
27,4,6972.7886,0.10341
27,4,6987.7886,0.08453
27,4,7002.7559,0.0694
27,4,7017.7324,0.05847
27,4,7032.7065,0.04969
27,4,7047.6245,0.04127
27,4,7062.7944,0.03468
27,4,7077.7241,0.02951
27,4,7092.7163,0.02505
27,4,7107.6987,0.02045
27,4,7122.6421,0.01654
27,4,7137.7534,0.01238
27,4,7150.4858,0.01
27,5,6502.3608,0.01
27,5,6510.6191,0.01302
27,5,6525.7354,0.02203
27,5,6540.6304,0.03502
27,5,6555.7061,0.05139
27,5,6570.6309,0.07047
27,5,6585.6938,0.09663
27,5,6600.6216,0.12894
27,5,6615.6948,0.16904
27,5,6630.5737,0.21213
27,5,6645.645,0.26765
27,5,6660.6675,0.34083
27,5,6675.5605,0.41531
27,5,6690.6343,0.50336
27,5,6705.5981,0.59731
27,5,6720.5767,0.69083
27,5,6735.7222,0.80067
27,5,6750.6523,0.89567
27,5,6765.6182,0.96709
27,5,6780.7144,0.99932
27,5,6795.6743,1.0
27,5,6810.5889,0.99118
27,5,6825.7002,0.9456
27,5,6840.6172,0.86805
27,5,6855.6821,0.74904
27,5,6870.6182,0.60449
27,5,6885.729,0.47277
27,5,6900.7222,0.34756
27,5,6915.7217,0.25252
27,5,6930.6885,0.1896
27,5,6945.6328,0.14466
27,5,6960.6162,0.11164
27,5,6975.7368,0.08947
27,5,6990.7368,0.07198
27,5,7005.7041,0.05858
27,5,7020.6807,0.0488
27,5,7035.6548,0.04136
27,5,7050.5728,0.03449
27,5,7065.7427,0.0291
27,5,7080.6724,0.02497
27,5,7095.6646,0.02162
27,5,7110.647,0.01838
27,5,7125.5903,0.01562
27,5,7140.7017,0.01285
27,5,7155.6812,0.01072
27,5,7160.8843,0.01
27,6,6502.1851,0.01
27,6,6512.3716,0.01378
27,6,6527.4878,0.02269
27,6,6542.3828,0.03645
27,6,6557.4585,0.05382
27,6,6572.3833,0.07365
27,6,6587.4463,0.09928
27,6,6602.374,0.13105
27,6,6617.4473,0.16954
27,6,6632.3262,0.21232
27,6,6647.3975,0.26748
27,6,6662.4199,0.33982
27,6,6677.313,0.41429
27,6,6692.3867,0.50335
27,6,6707.3506,0.59781
27,6,6722.3291,0.69359
27,6,6737.4746,0.80199
27,6,6752.4048,0.89726
27,6,6767.3706,0.96806
27,6,6782.4668,0.9996
27,6,6797.4268,1.0
27,6,6812.3413,0.9859
27,6,6827.4526,0.93594
27,6,6842.3696,0.85848
27,6,6857.4346,0.74678
27,6,6872.3706,0.6125
27,6,6887.4814,0.4858
27,6,6902.4746,0.35896
27,6,6917.4741,0.25302
27,6,6932.4409,0.17888
27,6,6947.3853,0.12938
27,6,6962.3687,0.09642
27,6,6977.4893,0.07505
27,6,6992.4893,0.05988
27,6,7007.4565,0.04803
27,6,7022.4331,0.03983
27,6,7037.4072,0.03374
27,6,7052.3252,0.02824
27,6,7067.4951,0.02377
27,6,7082.4248,0.02021
27,6,7097.417,0.01809
27,6,7112.3994,0.0154
27,6,7127.3428,0.01394
27,6,7142.4541,0.01159
27,6,7157.4336,0.01044
27,6,7163.5278,0.01
27,7,6498.8149,0.01
27,7,6510.1157,0.01411
27,7,6525.2319,0.0225
27,7,6540.127,0.03552
27,7,6555.2026,0.05345
27,7,6570.1274,0.07596
27,7,6585.1904,0.10472
27,7,6600.1182,0.13794
27,7,6615.1914,0.17667
27,7,6630.0703,0.21836
27,7,6645.1416,0.27224
27,7,6660.1641,0.34273
27,7,6675.0571,0.41644
27,7,6690.1309,0.50407
27,7,6705.0947,0.59644
27,7,6720.0732,0.69288
27,7,6735.2188,0.80078
27,7,6750.1489,0.89667
27,7,6765.1147,0.96842
27,7,6780.2109,0.99897
27,7,6795.1709,1.0
27,7,6810.0854,0.98925
27,7,6825.1968,0.94108
27,7,6840.1138,0.8675
27,7,6855.1787,0.76282
27,7,6870.1147,0.64387
27,7,6885.2256,0.53831
27,7,6900.2188,0.42443
27,7,6915.2183,0.32124
27,7,6930.1851,0.23421
27,7,6945.1294,0.16358
27,7,6960.1128,0.11223
27,7,6975.2334,0.08029
27,7,6990.2334,0.05975
27,7,7005.2007,0.04603
27,7,7020.1772,0.03733
27,7,7035.1514,0.03104
27,7,7050.0693,0.02579
27,7,7065.2393,0.02163
27,7,7080.1689,0.01856
27,7,7095.1611,0.01626
27,7,7110.1436,0.01409
27,7,7125.0869,0.01263
27,7,7140.1982,0.01075
27,7,7150.7969,0.01
27,8,6494.2422,0.01
27,8,6506.4204,0.01438
27,8,6521.5366,0.02276
27,8,6536.4316,0.03453
27,8,6551.5073,0.05111
27,8,6566.4321,0.07231
27,8,6581.4951,0.10195
27,8,6596.4229,0.13823
27,8,6611.4961,0.18033
27,8,6626.375,0.22344
27,8,6641.4463,0.27528
27,8,6656.4688,0.34326
27,8,6671.3618,0.41429
27,8,6686.4355,0.49763
27,8,6701.3994,0.5898
27,8,6716.3779,0.68621
27,8,6731.5234,0.79291
27,8,6746.4536,0.89058
27,8,6761.4194,0.96267
27,8,6776.5156,0.99615
27,8,6791.4756,1.0
27,8,6806.3901,0.98786
27,8,6821.5015,0.93959
27,8,6836.4185,0.86422
27,8,6851.4834,0.75981
27,8,6866.4194,0.64311
27,8,6881.5303,0.546
27,8,6896.5234,0.44664
27,8,6911.5229,0.36027
27,8,6926.4897,0.2873
27,8,6941.4341,0.22192
27,8,6956.4175,0.16556
27,8,6971.5381,0.12094
27,8,6986.5381,0.08696
27,8,7001.5054,0.0615
27,8,7016.4819,0.04482
27,8,7031.4561,0.03397
27,8,7046.374,0.02666
27,8,7061.5439,0.02148
27,8,7076.4736,0.01806
27,8,7091.4658,0.01559
27,8,7106.4482,0.01341
27,8,7121.3916,0.01225
27,8,7136.5029,0.01036
27,8,7141.6387,0.01
27,9,6495.4463,0.01
27,9,6502.3472,0.01213
27,9,6517.4634,0.01853
27,9,6532.3584,0.02787
27,9,6547.4341,0.04107
27,9,6562.3589,0.05802
27,9,6577.4219,0.08259
27,9,6592.3496,0.11468
27,9,6607.4229,0.15418
27,9,6622.3018,0.19756
27,9,6637.373,0.25077
27,9,6652.3955,0.3196
27,9,6667.2886,0.38892
27,9,6682.3623,0.46999
27,9,6697.3262,0.56137
27,9,6712.3047,0.65852
27,9,6727.4502,0.771
27,9,6742.3804,0.87479
27,9,6757.3462,0.95189
27,9,6772.4424,0.99224
27,9,6787.4023,1.0
27,9,6802.3169,0.99252
27,9,6817.4282,0.94566
27,9,6832.3452,0.86243
27,9,6847.4102,0.74621
27,9,6862.3462,0.61828
27,9,6877.457,0.51483
27,9,6892.4502,0.41725
27,9,6907.4497,0.3358
27,9,6922.4165,0.27339
27,9,6937.3608,0.22098
27,9,6952.3442,0.17509
27,9,6967.4648,0.14038
27,9,6982.4648,0.11136
27,9,6997.4321,0.08677
27,9,7012.4087,0.06826
27,9,7027.3828,0.05203
27,9,7042.3008,0.03859
27,9,7057.4707,0.02809
27,9,7072.4004,0.02103
27,9,7087.3926,0.01642
27,9,7102.375,0.01295
27,9,7117.3184,0.01105
27,9,7125.4971,0.01
27,10,6499.5894,0.01
27,10,6510.6035,0.01392
27,10,6525.4985,0.02081
27,10,6540.5742,0.02793
27,10,6555.499,0.03664
27,10,6570.562,0.05193
27,10,6585.4897,0.07157
27,10,6600.563,0.09801
27,10,6615.4419,0.13004
27,10,6630.5132,0.1726
27,10,6645.5356,0.23149
27,10,6660.4287,0.2968
27,10,6675.5024,0.37818
27,10,6690.4663,0.47051
27,10,6705.4448,0.57061
27,10,6720.5903,0.68878
27,10,6735.5205,0.80374
27,10,6750.4863,0.90142
27,10,6765.5825,0.96049
27,10,6780.5425,0.98815
27,10,6795.457,1.0
27,10,6810.5684,0.96949
27,10,6825.4854,0.89222
27,10,6840.5503,0.77261
27,10,6855.4863,0.62199
27,10,6870.5972,0.49542
27,10,6885.5903,0.38158
27,10,6900.5898,0.28988
27,10,6915.5566,0.2279
27,10,6930.501,0.17916
27,10,6945.4844,0.14063
27,10,6960.605,0.11393
27,10,6975.605,0.09058
27,10,6990.5723,0.07382
27,10,7005.5488,0.06194
27,10,7020.5229,0.05235
27,10,7035.4409,0.04329
27,10,7050.6108,0.03553
27,10,7065.5405,0.02931
27,10,7080.5327,0.02474
27,10,7095.5151,0.01933
27,10,7110.4585,0.01557
27,10,7125.5698,0.01123
27,10,7134.3857,0.01
