Band,Channel,Wavelength,RSR
29,1,8122.0913,0.01
29,1,8145.3418,0.01529
29,1,8175.1177,0.02428
29,1,8205.4082,0.03993
29,1,8235.1055,0.06488
29,1,8265.1484,0.09486
29,1,8295.1328,0.14592
29,1,8325.4463,0.21639
29,1,8355.0986,0.32674
29,1,8385.2734,0.48924
29,1,8415.374,0.67599
29,1,8445.2539,0.85118
29,1,8475.2383,0.9673
29,1,8505.2598,0.99568
29,1,8535.3193,0.96925
29,1,8565.0801,0.94001
29,1,8595.1064,0.96645
29,1,8625.1602,1.0
29,1,8655.418,0.99472
29,1,8685.1553,0.86449
29,1,8715.2656,0.64016
29,1,8745.2939,0.4161
29,1,8775.1465,0.25166
29,1,8805.1279,0.14864
29,1,8835.084,0.08287
29,1,8865.3008,0.0455
29,1,8895.21,0.02463
29,1,8925.165,0.01401
29,1,8938.2051,0.01
29,2,8135.2046,0.01
29,2,8150.8096,0.01303
29,2,8180.5854,0.02354
29,2,8210.876,0.04351
29,2,8240.5732,0.07848
29,2,8270.6162,0.13536
29,2,8300.6006,0.21533
29,2,8330.9141,0.29937
29,2,8360.5664,0.37636
29,2,8390.7412,0.47712
29,2,8420.8418,0.61122
29,2,8450.7217,0.7599
29,2,8480.7061,0.9086
29,2,8510.7275,1.0
29,2,8540.7871,0.99828
29,2,8570.5479,0.93574
29,2,8600.5742,0.90853
29,2,8630.6279,0.94183
29,2,8660.8857,0.98104
29,2,8690.623,0.87016
29,2,8720.7334,0.60476
29,2,8750.7617,0.34755
29,2,8780.6143,0.19997
29,2,8810.5957,0.12484
29,2,8840.5518,0.0808
29,2,8870.7686,0.05345
29,2,8900.6777,0.03586
29,2,8930.6328,0.02344
29,2,8960.6143,0.01289
29,2,8973.0439,0.01
29,3,8135.9697,0.01
29,3,8159.5752,0.01502
29,3,8189.3511,0.02614
29,3,8219.6416,0.04659
29,3,8249.3389,0.0805
29,3,8279.3818,0.1367
29,3,8309.3662,0.22167
29,3,8339.6797,0.33472
29,3,8369.332,0.45099
29,3,8399.5068,0.57139
29,3,8429.6074,0.70358
29,3,8459.4873,0.83206
29,3,8489.4717,0.94387
29,3,8519.4932,1.0
29,3,8549.5527,0.99487
29,3,8579.3135,0.95651
29,3,8609.3398,0.94083
29,3,8639.3936,0.96364
29,3,8669.6514,0.96329
29,3,8699.3887,0.82987
29,3,8729.499,0.56594
29,3,8759.5273,0.31892
29,3,8789.3799,0.17664
29,3,8819.3613,0.10468
29,3,8849.3174,0.06496
29,3,8879.5342,0.04128
29,3,8909.4434,0.02695
29,3,8939.3984,0.01738
29,3,8969.3799,0.01007
29,3,8969.8037,0.01
29,4,8142.353,0.01
29,4,8166.1836,0.01554
29,4,8195.959,0.02763
29,4,8226.25,0.04839
29,4,8255.9473,0.08344
29,4,8285.9902,0.14221
29,4,8315.9746,0.23558
29,4,8346.2881,0.37006
29,4,8375.9404,0.52133
29,4,8406.1152,0.65637
29,4,8436.2158,0.76568
29,4,8466.0957,0.86483
29,4,8496.0801,0.95344
29,4,8526.1016,0.99607
29,4,8556.1611,1.0
29,4,8585.9219,0.97387
29,4,8615.9482,0.96029
29,4,8646.002,0.97191
29,4,8676.2598,0.95253
29,4,8705.9971,0.81186
29,4,8736.1074,0.54465
29,4,8766.1357,0.2931
29,4,8795.9883,0.15163
29,4,8825.9697,0.08582
29,4,8855.9258,0.05283
29,4,8886.1426,0.03347
29,4,8916.0518,0.02163
29,4,8946.0068,0.01418
29,4,8970.3408,0.01
29,5,8149.7471,0.01
29,5,8170.1826,0.01496
29,5,8199.959,0.02769
29,5,8230.249,0.04945
29,5,8259.9463,0.08596
29,5,8289.9893,0.14638
29,5,8319.9736,0.24313
29,5,8350.2871,0.3851
29,5,8379.9395,0.56012
29,5,8410.1143,0.7272
29,5,8440.2148,0.84249
29,5,8470.0947,0.91234
29,5,8500.0791,0.96688
29,5,8530.1006,0.99139
29,5,8560.1602,1.0
29,5,8589.9209,0.98842
29,5,8619.9473,0.98435
29,5,8650.001,0.98819
29,5,8680.2588,0.95555
29,5,8709.9961,0.81637
29,5,8740.1064,0.55338
29,5,8770.1348,0.28585
29,5,8799.9873,0.1345
29,5,8829.9688,0.0726
29,5,8859.9248,0.04294
29,5,8890.1416,0.02642
29,5,8920.0508,0.0166
29,5,8950.0059,0.01029
29,5,8952.1631,0.01
29,6,8152.4336,0.01
29,6,8169.7959,0.01344
29,6,8199.5723,0.0258
29,6,8229.8623,0.0485
29,6,8259.5596,0.08594
29,6,8289.6025,0.14629
29,6,8319.5869,0.24098
29,6,8349.9004,0.37875
29,6,8379.5527,0.55197
29,6,8409.7275,0.72994
29,6,8439.8281,0.86794
29,6,8469.708,0.93964
29,6,8499.6924,0.96837
29,6,8529.7139,0.96902
29,6,8559.7734,0.97212
29,6,8589.5342,0.97243
29,6,8619.5605,0.98901
29,6,8649.6143,1.0
29,6,8679.8721,0.95686
29,6,8709.6094,0.81659
29,6,8739.7197,0.579
29,6,8769.748,0.31794
29,6,8799.6006,0.14178
29,6,8829.582,0.066
29,6,8859.5381,0.03579
29,6,8889.7549,0.02153
29,6,8919.6641,0.01339
29,6,8938.9326,0.01
29,7,8144.5073,0.01
29,7,8167.166,0.01425
29,7,8196.9414,0.02355
29,7,8227.2324,0.04244
29,7,8256.9297,0.07805
29,7,8286.9727,0.13922
29,7,8316.957,0.23263
29,7,8347.2705,0.36245
29,7,8376.9229,0.52263
29,7,8407.0977,0.69538
29,7,8437.1982,0.84536
29,7,8467.0781,0.93704
29,7,8497.0625,0.96698
29,7,8527.084,0.95099
29,7,8557.1436,0.93828
29,7,8586.9043,0.93786
29,7,8616.9307,0.97018
29,7,8646.9844,1.0
29,7,8677.2422,0.95529
29,7,8706.9795,0.80034
29,7,8737.0898,0.57649
29,7,8767.1182,0.34915
29,7,8796.9707,0.17675
29,7,8826.9521,0.07779
29,7,8856.9082,0.03469
29,7,8887.125,0.01814
29,7,8917.0342,0.01045
29,7,8920.1191,0.01
29,8,8136.8994,0.01
29,8,8164.1016,0.01574
29,8,8193.877,0.02647
29,8,8224.168,0.04358
29,8,8253.8652,0.07266
29,8,8283.9082,0.12433
29,8,8313.8926,0.21209
29,8,8344.2061,0.34011
29,8,8373.8584,0.49704
29,8,8404.0332,0.66476
29,8,8434.1338,0.81432
29,8,8464.0137,0.92209
29,8,8493.998,0.97177
29,8,8524.0195,0.95977
29,8,8554.0791,0.93402
29,8,8583.8398,0.92353
29,8,8613.8662,0.95703
29,8,8643.9199,1.0
29,8,8674.1777,0.96441
29,8,8703.915,0.79211
29,8,8734.0254,0.55487
29,8,8764.0537,0.34481
29,8,8793.9062,0.19687
29,8,8823.8877,0.10526
29,8,8853.8438,0.05166
29,8,8884.0605,0.02328
29,8,8913.9697,0.01062
29,8,8917.4023,0.01
29,9,8136.8994,0.01
29,9,8164.1016,0.01574
29,9,8193.877,0.02647
29,9,8224.168,0.04358
29,9,8253.8652,0.07266
29,9,8283.9082,0.12433
29,9,8313.8926,0.21209
29,9,8344.2061,0.34011
29,9,8373.8584,0.49704
29,9,8404.0332,0.66476
29,9,8434.1338,0.81432
29,9,8464.0137,0.92209
29,9,8493.998,0.97177
29,9,8524.0195,0.95977
29,9,8554.0791,0.93402
29,9,8583.8398,0.92353
29,9,8613.8662,0.95703
29,9,8643.9199,1.0
29,9,8674.1777,0.96441
29,9,8703.915,0.79211
29,9,8734.0254,0.55487
29,9,8764.0537,0.34481
29,9,8793.9062,0.19687
29,9,8823.8877,0.10526
29,9,8853.8438,0.05166
29,9,8884.0605,0.02328
29,9,8913.9697,0.01062
29,9,8917.4023,0.01
29,10,8136.8994,0.01
29,10,8164.1016,0.01574
29,10,8193.877,0.02647
29,10,8224.168,0.04358
29,10,8253.8652,0.07266
29,10,8283.9082,0.12433
29,10,8313.8926,0.21209
29,10,8344.2061,0.34011
29,10,8373.8584,0.49704
29,10,8404.0332,0.66476
29,10,8434.1338,0.81432
29,10,8464.0137,0.92209
29,10,8493.998,0.97177
29,10,8524.0195,0.95977
29,10,8554.0791,0.93402
29,10,8583.8398,0.92353
29,10,8613.8662,0.95703
29,10,8643.9199,1.0
29,10,8674.1777,0.96441
29,10,8703.915,0.79211
29,10,8734.0254,0.55487
29,10,8764.0537,0.34481
29,10,8793.9062,0.19687
29,10,8823.8877,0.10526
29,10,8853.8438,0.05166
29,10,8884.0605,0.02328
29,10,8913.9697,0.01062
29,10,8917.4023,0.01
