Band,Channel,Wavelength,RSR
32,1,11637.6074,0.01
32,1,11638.8613,0.01024
32,1,11663.9023,0.01333
32,1,11688.7627,0.03076
32,1,11713.7871,0.06559
32,1,11738.8867,0.13612
32,1,11763.5439,0.28799
32,1,11788.9111,0.52563
32,1,11813.6523,0.76968
32,1,11838.5361,0.94291
32,1,11863.5254,0.99788
32,1,11888.6299,1.0
32,1,11913.8994,0.98798
32,1,11938.6445,0.9726
32,1,11963.7695,0.96313
32,1,11988.6045,0.94516
32,1,12013.6387,0.94421
32,1,12038.5322,0.93702
32,1,12063.6992,0.93671
32,1,12088.7051,0.9455
32,1,12113.8936,0.9445
32,1,12138.7627,0.93117
32,1,12163.625,0.9246
32,1,12188.791,0.91457
32,1,12213.7549,0.87864
32,1,12238.8574,0.83067
32,1,12263.6611,0.76505
32,1,12288.5703,0.6537
32,1,12313.6338,0.47051
32,1,12338.5518,0.26919
32,1,12363.8311,0.12637
32,1,12388.8154,0.04745
32,1,12413.6006,0.01685
32,1,12438.6416,0.01033
32,1,12439.6943,0.01
32,2,11637.6074,0.01
32,2,11638.8613,0.01024
32,2,11663.9023,0.01333
32,2,11688.7627,0.03076
32,2,11713.7871,0.06559
32,2,11738.8867,0.13612
32,2,11763.5439,0.28799
32,2,11788.9111,0.52563
32,2,11813.6523,0.76968
32,2,11838.5361,0.94291
32,2,11863.5254,0.99788
32,2,11888.6299,1.0
32,2,11913.8994,0.98798
32,2,11938.6445,0.9726
32,2,11963.7695,0.96313
32,2,11988.6045,0.94516
32,2,12013.6387,0.94421
32,2,12038.5322,0.93702
32,2,12063.6992,0.93671
32,2,12088.7051,0.9455
32,2,12113.8936,0.9445
32,2,12138.7627,0.93117
32,2,12163.625,0.9246
32,2,12188.791,0.91457
32,2,12213.7549,0.87864
32,2,12238.8574,0.83067
32,2,12263.6611,0.76505
32,2,12288.5703,0.6537
32,2,12313.6338,0.47051
32,2,12338.5518,0.26919
32,2,12363.8311,0.12637
32,2,12388.8154,0.04745
32,2,12413.6006,0.01685
32,2,12438.6416,0.01033
32,2,12439.6943,0.01
32,3,11646.0693,0.01
32,3,11668.3535,0.0197
32,3,11693.2139,0.03285
32,3,11718.2383,0.07081
32,3,11743.3379,0.16398
32,3,11767.9951,0.3335
32,3,11793.3623,0.57687
32,3,11818.1035,0.80914
32,3,11842.9873,0.95817
32,3,11867.9766,1.0
32,3,11893.0811,0.99748
32,3,11918.3506,0.99364
32,3,11943.0957,0.98072
32,3,11968.2207,0.96964
32,3,11993.0557,0.94916
32,3,12018.0898,0.94929
32,3,12042.9834,0.94552
32,3,12068.1504,0.94455
32,3,12093.1562,0.95067
32,3,12118.3447,0.94509
32,3,12143.2139,0.93769
32,3,12168.0762,0.93054
32,3,12193.2422,0.9211
32,3,12218.2061,0.88104
32,3,12243.3086,0.82522
32,3,12268.1123,0.7475
32,3,12293.0215,0.60896
32,3,12318.085,0.4261
32,3,12343.0029,0.23267
32,3,12368.2822,0.10194
32,3,12393.2666,0.04209
32,3,12418.0518,0.02045
32,3,12440.1719,0.01
32,4,11649.7402,0.01
32,4,11670.9443,0.01619
32,4,11695.8047,0.03335
32,4,11720.8291,0.07916
32,4,11745.9287,0.18412
32,4,11770.5859,0.35597
32,4,11795.9531,0.60258
32,4,11820.6943,0.82281
32,4,11845.5781,0.9597
32,4,11870.5674,0.99705
32,4,11895.6719,1.0
32,4,11920.9414,0.99654
32,4,11945.6865,0.9875
32,4,11970.8115,0.96967
32,4,11995.6465,0.94639
32,4,12020.6807,0.94568
32,4,12045.5742,0.94615
32,4,12070.7412,0.94346
32,4,12095.7471,0.95342
32,4,12120.9355,0.94369
32,4,12145.8047,0.93692
32,4,12170.667,0.92884
32,4,12195.833,0.92885
32,4,12220.7969,0.88012
32,4,12245.8994,0.82496
32,4,12270.7031,0.74412
32,4,12295.6123,0.59302
32,4,12320.6758,0.40189
32,4,12345.5938,0.21771
32,4,12370.873,0.09608
32,4,12395.8574,0.03617
32,4,12420.6426,0.01174
32,4,12430.2822,0.01
32,5,11647.1973,0.01
32,5,11647.6797,0.0101
32,5,11672.7207,0.01786
32,5,11697.5811,0.04049
32,5,11722.6055,0.09115
32,5,11747.7051,0.19583
32,5,11772.3623,0.3814
32,5,11797.7295,0.61968
32,5,11822.4707,0.8239
32,5,11847.3545,0.94935
32,5,11872.3438,0.98792
32,5,11897.4482,0.99464
32,5,11922.7178,1.0
32,5,11947.4629,0.98887
32,5,11972.5879,0.97003
32,5,11997.4229,0.94874
32,5,12022.457,0.94473
32,5,12047.3506,0.94594
32,5,12072.5176,0.95025
32,5,12097.5234,0.95259
32,5,12122.7119,0.94199
32,5,12147.5811,0.93385
32,5,12172.4434,0.9289
32,5,12197.6094,0.92232
32,5,12222.5732,0.87765
32,5,12247.6758,0.81992
32,5,12272.4795,0.72629
32,5,12297.3887,0.57487
32,5,12322.4521,0.38198
32,5,12347.3701,0.20559
32,5,12372.6494,0.09337
32,5,12397.6338,0.03763
32,5,12422.4189,0.01897
32,5,12439.2695,0.01
32,6,11650.9932,0.01
32,6,11673.7217,0.01914
32,6,11698.582,0.04085
32,6,11723.6064,0.09536
32,6,11748.7061,0.21267
32,6,11773.3633,0.40215
32,6,11798.7305,0.6394
32,6,11823.4717,0.83483
32,6,11848.3555,0.94858
32,6,11873.3447,0.9814
32,6,11898.4492,0.99064
32,6,11923.7188,1.0
32,6,11948.4639,0.99736
32,6,11973.5889,0.97797
32,6,11998.4238,0.95114
32,6,12023.458,0.94738
32,6,12048.3516,0.95065
32,6,12073.5186,0.95616
32,6,12098.5244,0.96111
32,6,12123.7129,0.94731
32,6,12148.582,0.93713
32,6,12173.4443,0.93024
32,6,12198.6104,0.92564
32,6,12223.5742,0.88162
32,6,12248.6768,0.81985
32,6,12273.4805,0.72454
32,6,12298.3896,0.5679
32,6,12323.4531,0.37339
32,6,12348.3711,0.20264
32,6,12373.6504,0.09245
32,6,12398.6348,0.0392
32,6,12423.4199,0.01637
32,6,12442.0547,0.01
32,7,11653.4385,0.01
32,7,11674.1475,0.01827
32,7,11699.0078,0.04181
32,7,11724.0322,0.0974
32,7,11749.1318,0.21752
32,7,11773.7891,0.41617
32,7,11799.1562,0.65898
32,7,11823.8975,0.85434
32,7,11848.7812,0.96285
32,7,11873.7705,0.98937
32,7,11898.875,0.99431
32,7,11924.1445,0.99937
32,7,11948.8896,1.0
32,7,11974.0146,0.98644
32,7,11998.8496,0.95892
32,7,12023.8838,0.95475
32,7,12048.7773,0.95841
32,7,12073.9443,0.96654
32,7,12098.9502,0.97768
32,7,12124.1387,0.96285
32,7,12149.0078,0.94836
32,7,12173.8701,0.93996
32,7,12199.0361,0.93788
32,7,12224.0,0.89125
32,7,12249.1025,0.82816
32,7,12273.9062,0.73072
32,7,12298.8154,0.57101
32,7,12323.8789,0.37144
32,7,12348.7969,0.19715
32,7,12374.0762,0.09232
32,7,12399.0605,0.03854
32,7,12423.8457,0.01834
32,7,12446.2061,0.01
32,8,11648.8691,0.01
32,8,11673.8174,0.02078
32,8,11698.6777,0.04143
32,8,11723.7021,0.09494
32,8,11748.8018,0.21353
32,8,11773.459,0.4058
32,8,11798.8262,0.65462
32,8,11823.5674,0.8607
32,8,11848.4512,0.97057
32,8,11873.4404,0.99404
32,8,11898.5449,0.99283
32,8,11923.8145,0.99752
32,8,11948.5596,1.0
32,8,11973.6846,0.99035
32,8,11998.5195,0.96436
32,8,12023.5537,0.95761
32,8,12048.4473,0.9598
32,8,12073.6143,0.9687
32,8,12098.6201,0.98476
32,8,12123.8086,0.97063
32,8,12148.6777,0.95491
32,8,12173.54,0.94312
32,8,12198.7061,0.93804
32,8,12223.6699,0.89241
32,8,12248.7725,0.83022
32,8,12273.5762,0.73272
32,8,12298.4854,0.57373
32,8,12323.5488,0.37779
32,8,12348.4668,0.20047
32,8,12373.7461,0.08976
32,8,12398.7305,0.03943
32,8,12423.5156,0.01872
32,8,12447.8047,0.01
32,9,11653.9805,0.01
32,9,11673.1621,0.01789
32,9,11698.0225,0.04422
32,9,11723.0469,0.10172
32,9,11748.1465,0.21701
32,9,11772.8037,0.40112
32,9,11798.1709,0.63848
32,9,11822.9121,0.84646
32,9,11847.7959,0.97222
32,9,11872.7852,1.0
32,9,11897.8896,0.99376
32,9,11923.1592,0.98614
32,9,11947.9043,0.97811
32,9,11973.0293,0.96921
32,9,11997.8643,0.94901
32,9,12022.8984,0.94454
32,9,12047.792,0.94497
32,9,12072.959,0.95235
32,9,12097.9648,0.97358
32,9,12123.1533,0.96415
32,9,12148.0225,0.95407
32,9,12172.8848,0.94081
32,9,12198.0508,0.93503
32,9,12223.0146,0.8877
32,9,12248.1172,0.82068
32,9,12272.9209,0.7236
32,9,12297.8301,0.57927
32,9,12322.8936,0.39177
32,9,12347.8115,0.21122
32,9,12373.0908,0.09508
32,9,12398.0752,0.03872
32,9,12422.8604,0.01806
32,9,12447.9014,0.01016
32,9,12450.749,0.01
32,10,11653.9805,0.01
32,10,11673.1621,0.01789
32,10,11698.0225,0.04422
32,10,11723.0469,0.10172
32,10,11748.1465,0.21701
32,10,11772.8037,0.40112
32,10,11798.1709,0.63848
32,10,11822.9121,0.84646
32,10,11847.7959,0.97222
32,10,11872.7852,1.0
32,10,11897.8896,0.99376
32,10,11923.1592,0.98614
32,10,11947.9043,0.97811
32,10,11973.0293,0.96921
32,10,11997.8643,0.94901
32,10,12022.8984,0.94454
32,10,12047.792,0.94497
32,10,12072.959,0.95235
32,10,12097.9648,0.97358
32,10,12123.1533,0.96415
32,10,12148.0225,0.95407
32,10,12172.8848,0.94081
32,10,12198.0508,0.93503
32,10,12223.0146,0.8877
32,10,12248.1172,0.82068
32,10,12272.9209,0.7236
32,10,12297.8301,0.57927
32,10,12322.8936,0.39177
32,10,12347.8115,0.21122
32,10,12373.0908,0.09508
32,10,12398.0752,0.03872
32,10,12422.8604,0.01806
32,10,12447.9014,0.01016
32,10,12450.749,0.01
