Band,Channel,Wavelength,RSR
5,1,1212.5487,0.01
5,1,1213.2175,0.01117
5,1,1214.7279,0.01608
5,1,1216.1934,0.02492
5,1,1217.7188,0.03818
5,1,1219.1992,0.04862
5,1,1220.687,0.06678
5,1,1222.1819,0.10054
5,1,1223.6831,0.15332
5,1,1225.1902,0.20849
5,1,1226.7018,0.26656
5,1,1228.217,0.37011
5,1,1229.6803,0.4973
5,1,1231.1991,0.58289
5,1,1232.7174,0.64709
5,1,1234.1801,0.77753
5,1,1235.694,0.88235
5,1,1237.2037,0.88284
5,1,1238.7084,0.92946
5,1,1240.2068,0.97872
5,1,1241.698,0.98165
5,1,1243.1819,0.97627
5,1,1244.7103,1.0
5,1,1246.1779,0.9737
5,1,1247.6896,0.95036
5,1,1249.1931,0.86217
5,1,1250.6893,0.73183
5,1,1252.1791,0.54895
5,1,1253.7145,0.46245
5,1,1255.1946,0.36557
5,1,1256.7229,0.21247
5,1,1258.1991,0.12525
5,1,1259.7267,0.09942
5,1,1261.2052,0.0814
5,1,1262.687,0.05129
5,1,1264.2249,0.0294
5,1,1265.7173,0.02298
5,1,1267.2163,0.02075
5,1,1268.7227,0.01682
5,1,1270.1844,0.01002
5,1,1270.1924,0.01
5,2,1212.5487,0.01
5,2,1213.2175,0.01117
5,2,1214.7279,0.01608
5,2,1216.1934,0.02492
5,2,1217.7188,0.03818
5,2,1219.1992,0.04862
5,2,1220.687,0.06678
5,2,1222.1819,0.10054
5,2,1223.6831,0.15332
5,2,1225.1902,0.20849
5,2,1226.7018,0.26656
5,2,1228.217,0.37011
5,2,1229.6803,0.4973
5,2,1231.1991,0.58289
5,2,1232.7174,0.64709
5,2,1234.1801,0.77753
5,2,1235.694,0.88235
5,2,1237.2037,0.88284
5,2,1238.7084,0.92946
5,2,1240.2068,0.97872
5,2,1241.698,0.98165
5,2,1243.1819,0.97627
5,2,1244.7103,1.0
5,2,1246.1779,0.9737
5,2,1247.6896,0.95036
5,2,1249.1931,0.86217
5,2,1250.6893,0.73183
5,2,1252.1791,0.54895
5,2,1253.7145,0.46245
5,2,1255.1946,0.36557
5,2,1256.7229,0.21247
5,2,1258.1991,0.12525
5,2,1259.7267,0.09942
5,2,1261.2052,0.0814
5,2,1262.687,0.05129
5,2,1264.2249,0.0294
5,2,1265.7173,0.02298
5,2,1267.2163,0.02075
5,2,1268.7227,0.01682
5,2,1270.1844,0.01002
5,2,1270.1924,0.01
5,3,1212.5487,0.01
5,3,1213.2175,0.01117
5,3,1214.7279,0.01608
5,3,1216.1934,0.02492
5,3,1217.7188,0.03818
5,3,1219.1992,0.04862
5,3,1220.687,0.06678
5,3,1222.1819,0.10054
5,3,1223.6831,0.15332
5,3,1225.1902,0.20849
5,3,1226.7018,0.26656
5,3,1228.217,0.37011
5,3,1229.6803,0.4973
5,3,1231.1991,0.58289
5,3,1232.7174,0.64709
5,3,1234.1801,0.77753
5,3,1235.694,0.88235
5,3,1237.2037,0.88284
5,3,1238.7084,0.92946
5,3,1240.2068,0.97872
5,3,1241.698,0.98165
5,3,1243.1819,0.97627
5,3,1244.7103,1.0
5,3,1246.1779,0.9737
5,3,1247.6896,0.95036
5,3,1249.1931,0.86217
5,3,1250.6893,0.73183
5,3,1252.1791,0.54895
5,3,1253.7145,0.46245
5,3,1255.1946,0.36557
5,3,1256.7229,0.21247
5,3,1258.1991,0.12525
5,3,1259.7267,0.09942
5,3,1261.2052,0.0814
5,3,1262.687,0.05129
5,3,1264.2249,0.0294
5,3,1265.7173,0.02298
5,3,1267.2163,0.02075
5,3,1268.7227,0.01682
5,3,1270.1844,0.01002
5,3,1270.1924,0.01
5,4,1213.38,0.01
5,4,1213.8167,0.01088
5,4,1215.327,0.01661
5,4,1216.7925,0.02458
5,4,1218.3179,0.03624
5,4,1219.7983,0.05005
5,4,1221.2861,0.07175
5,4,1222.781,0.10665
5,4,1224.2822,0.15639
5,4,1225.7893,0.21899
5,4,1227.3009,0.30012
5,4,1228.8162,0.40546
5,4,1230.2794,0.51379
5,4,1231.7982,0.60999
5,4,1233.3165,0.70939
5,4,1234.7792,0.81568
5,4,1236.2931,0.89084
5,4,1237.8029,0.92267
5,4,1239.3075,0.97295
5,4,1240.8059,1.0
5,4,1242.2971,0.99726
5,4,1243.781,0.98944
5,4,1245.3094,0.98261
5,4,1246.777,0.93621
5,4,1248.2887,0.86734
5,4,1249.7922,0.76143
5,4,1251.2885,0.63646
5,4,1252.7782,0.5024
5,4,1254.3136,0.39343
5,4,1255.7937,0.28504
5,4,1257.322,0.17483
5,4,1258.7982,0.11718
5,4,1260.3258,0.08801
5,4,1261.8043,0.065
5,4,1263.2861,0.04103
5,4,1264.824,0.02794
5,4,1266.3164,0.02217
5,4,1267.8154,0.01846
5,4,1269.3218,0.01366
5,4,1270.4481,0.01
5,5,1213.5757,0.01
5,5,1214.8474,0.01395
5,5,1216.3578,0.02081
5,5,1217.8232,0.03049
5,5,1219.3486,0.04454
5,5,1220.8291,0.06432
5,5,1222.3169,0.09338
5,5,1223.8118,0.13596
5,5,1225.313,0.19397
5,5,1226.8201,0.27042
5,5,1228.3317,0.36477
5,5,1229.8469,0.47525
5,5,1231.3102,0.5768
5,5,1232.829,0.6706
5,5,1234.3473,0.7722
5,5,1235.8099,0.8558
5,5,1237.3239,0.9072
5,5,1238.8336,0.94739
5,5,1240.3383,0.99011
5,5,1241.8367,1.0
5,5,1243.3279,0.99
5,5,1244.8118,0.97435
5,5,1246.3402,0.9419
5,5,1247.8077,0.87518
5,5,1249.3195,0.77943
5,5,1250.823,0.66177
5,5,1252.3192,0.53396
5,5,1253.809,0.41809
5,5,1255.3444,0.31149
5,5,1256.8245,0.20773
5,5,1258.3528,0.13161
5,5,1259.829,0.09451
5,5,1261.3566,0.0704
5,5,1262.8351,0.04739
5,5,1264.3169,0.03106
5,5,1265.8547,0.02317
5,5,1267.3472,0.01912
5,5,1268.8462,0.01502
5,5,1270.3525,0.01053
5,5,1270.61,0.01
5,6,1213.8114,0.01
5,6,1213.8522,0.01009
5,6,1215.3557,0.0153
5,6,1216.8661,0.02286
5,6,1218.3315,0.03305
5,6,1219.8569,0.04888
5,6,1221.3374,0.07215
5,6,1222.8252,0.10506
5,6,1224.3201,0.15132
5,6,1225.8213,0.21429
5,6,1227.3284,0.30073
5,6,1228.84,0.40327
5,6,1230.3552,0.51143
5,6,1231.8185,0.60679
5,6,1233.3373,0.70825
5,6,1234.8556,0.80802
5,6,1236.3182,0.87242
5,6,1237.8322,0.91962
5,6,1239.3419,0.96736
5,6,1240.8466,1.0
5,6,1242.345,0.99813
5,6,1243.8362,0.99224
5,6,1245.3201,0.9771
5,6,1246.8485,0.93183
5,6,1248.316,0.85144
5,6,1249.8278,0.7428
5,6,1251.3313,0.61821
5,6,1252.8275,0.49281
5,6,1254.3173,0.38179
5,6,1255.8527,0.26574
5,6,1257.3328,0.1696
5,6,1258.8611,0.11609
5,6,1260.3373,0.08619
5,6,1261.8649,0.05999
5,6,1263.3434,0.03735
5,6,1264.8252,0.02731
5,6,1266.363,0.02155
5,6,1267.8555,0.01768
5,6,1269.3545,0.01262
5,6,1270.4014,0.01
5,7,1213.4623,0.01
5,7,1214.549,0.01305
5,7,1216.0593,0.01937
5,7,1217.5248,0.02789
5,7,1219.0502,0.04153
5,7,1220.5306,0.06051
5,7,1222.0184,0.08811
5,7,1223.5133,0.12821
5,7,1225.0145,0.18531
5,7,1226.5216,0.26436
5,7,1228.0332,0.35852
5,7,1229.5485,0.46122
5,7,1231.0117,0.56186
5,7,1232.5305,0.67449
5,7,1234.0488,0.78535
5,7,1235.5115,0.85589
5,7,1237.0254,0.91223
5,7,1238.5352,0.96873
5,7,1240.0398,1.0
5,7,1241.5382,0.99478
5,7,1243.0294,0.99341
5,7,1244.5133,0.98396
5,7,1246.0417,0.94224
5,7,1247.5093,0.8707
5,7,1249.021,0.7836
5,7,1250.5245,0.68524
5,7,1252.0208,0.57582
5,7,1253.5105,0.4644
5,7,1255.0459,0.33361
5,7,1256.526,0.22748
5,7,1258.0543,0.16293
5,7,1259.5305,0.12157
5,7,1261.0581,0.07971
5,7,1262.5366,0.04975
5,7,1264.0184,0.03742
5,7,1265.5563,0.02991
5,7,1267.0487,0.02342
5,7,1268.5477,0.01557
5,7,1270.0541,0.01118
5,7,1270.9253,0.01
5,8,1213.1791,0.01
5,8,1214.4943,0.0137
5,8,1216.0046,0.02029
5,8,1217.4701,0.02931
5,8,1218.9955,0.04338
5,8,1220.476,0.06234
5,8,1221.9637,0.09052
5,8,1223.4586,0.13145
5,8,1224.9598,0.18999
5,8,1226.4669,0.2668
5,8,1227.9785,0.35916
5,8,1229.4938,0.45707
5,8,1230.957,0.55992
5,8,1232.4758,0.67688
5,8,1233.9941,0.78692
5,8,1235.4568,0.85447
5,8,1236.9707,0.91883
5,8,1238.4805,0.97594
5,8,1239.9851,1.0
5,8,1241.4835,0.99421
5,8,1242.9747,0.99654
5,8,1244.4586,0.98351
5,8,1245.9871,0.93438
5,8,1247.4546,0.86526
5,8,1248.9663,0.78879
5,8,1250.4698,0.69553
5,8,1251.9661,0.58881
5,8,1253.4558,0.47463
5,8,1254.9912,0.33988
5,8,1256.4713,0.24005
5,8,1257.9996,0.17721
5,8,1259.4758,0.12946
5,8,1261.0034,0.07992
5,8,1262.4819,0.05257
5,8,1263.9637,0.04109
5,8,1265.5016,0.03269
5,8,1266.994,0.02382
5,8,1268.493,0.01581
5,8,1269.9994,0.01207
5,8,1271.3938,0.01
5,9,1213.2294,0.01
5,9,1213.6995,0.01113
5,9,1215.203,0.01622
5,9,1216.7134,0.02433
5,9,1218.1788,0.03595
5,9,1219.7042,0.05252
5,9,1221.1847,0.07497
5,9,1222.6725,0.10848
5,9,1224.1674,0.15739
5,9,1225.6686,0.22335
5,9,1227.1757,0.30612
5,9,1228.6873,0.40203
5,9,1230.2025,0.50192
5,9,1231.6658,0.6077
5,9,1233.1846,0.7197
5,9,1234.7029,0.81595
5,9,1236.1655,0.8758
5,9,1237.6794,0.93758
5,9,1239.1892,0.98514
5,9,1240.6938,1.0
5,9,1242.1923,0.99608
5,9,1243.6835,0.99661
5,9,1245.1674,0.97203
5,9,1246.6958,0.90944
5,9,1248.1633,0.83265
5,9,1249.675,0.74724
5,9,1251.1786,0.64317
5,9,1252.6748,0.52882
5,9,1254.1646,0.40876
5,9,1255.7,0.28421
5,9,1257.1801,0.20276
5,9,1258.7084,0.15063
5,9,1260.1846,0.10566
5,9,1261.7122,0.06302
5,9,1263.1907,0.04421
5,9,1264.6725,0.03546
5,9,1266.2103,0.02809
5,9,1267.7028,0.01901
5,9,1269.2018,0.01303
5,9,1270.7081,0.01048
5,9,1271.1138,0.01
5,10,1213.3032,0.01
5,10,1214.6849,0.01397
5,10,1216.1953,0.0203
5,10,1217.6608,0.03006
5,10,1219.1862,0.04373
5,10,1220.6666,0.06194
5,10,1222.1544,0.08966
5,10,1223.6493,0.13359
5,10,1225.1505,0.19447
5,10,1226.6576,0.27291
5,10,1228.1692,0.36596
5,10,1229.6844,0.47079
5,10,1231.1477,0.58577
5,10,1232.6665,0.70388
5,10,1234.1848,0.79868
5,10,1235.6475,0.8645
5,10,1237.1614,0.93234
5,10,1238.6711,0.97476
5,10,1240.1758,0.9861
5,10,1241.6742,0.99048
5,10,1243.1654,1.0
5,10,1244.6493,0.98163
5,10,1246.1777,0.93116
5,10,1247.6453,0.87276
5,10,1249.157,0.80124
5,10,1250.6605,0.70217
5,10,1252.1567,0.58056
5,10,1253.6465,0.44601
5,10,1255.1819,0.31531
5,10,1256.662,0.23121
5,10,1258.1903,0.16907
5,10,1259.6665,0.11127
5,10,1261.1941,0.06814
5,10,1262.6726,0.05001
5,10,1264.1544,0.03986
5,10,1265.6923,0.02979
5,10,1267.1847,0.01979
5,10,1268.6837,0.01439
5,10,1270.1901,0.01173
5,10,1271.3241,0.01
5,11,1213.2358,0.01
5,11,1213.2892,0.01012
5,11,1214.7927,0.01496
5,11,1216.3031,0.02171
5,11,1217.7686,0.0319
5,11,1219.2939,0.04633
5,11,1220.7744,0.06623
5,11,1222.2622,0.09647
5,11,1223.7571,0.14274
5,11,1225.2583,0.20461
5,11,1226.7654,0.2843
5,11,1228.277,0.37677
5,11,1229.7922,0.47972
5,11,1231.2555,0.59335
5,11,1232.7743,0.71156
5,11,1234.2926,0.80205
5,11,1235.7552,0.86712
5,11,1237.2692,0.9368
5,11,1238.7789,0.97863
5,11,1240.2836,0.98695
5,11,1241.782,0.99226
5,11,1243.2732,1.0
5,11,1244.7571,0.97564
5,11,1246.2855,0.92175
5,11,1247.7531,0.86418
5,11,1249.2648,0.79307
5,11,1250.7683,0.69383
5,11,1252.2645,0.57462
5,11,1253.7543,0.4429
5,11,1255.2897,0.31486
5,11,1256.7698,0.23361
5,11,1258.2981,0.17121
5,11,1259.7743,0.10967
5,11,1261.3019,0.06775
5,11,1262.7804,0.05075
5,11,1264.2622,0.04051
5,11,1265.8,0.02971
5,11,1267.2925,0.01932
5,11,1268.7915,0.01442
5,11,1270.2979,0.01183
5,11,1271.5479,0.01
5,12,1213.2358,0.01
5,12,1213.2892,0.01012
5,12,1214.7927,0.01496
5,12,1216.3031,0.02171
5,12,1217.7686,0.0319
5,12,1219.2939,0.04633
5,12,1220.7744,0.06623
5,12,1222.2622,0.09647
5,12,1223.7571,0.14274
5,12,1225.2583,0.20461
5,12,1226.7654,0.2843
5,12,1228.277,0.37677
5,12,1229.7922,0.47972
5,12,1231.2555,0.59335
5,12,1232.7743,0.71156
5,12,1234.2926,0.80205
5,12,1235.7552,0.86712
5,12,1237.2692,0.9368
5,12,1238.7789,0.97863
5,12,1240.2836,0.98695
5,12,1241.782,0.99226
5,12,1243.2732,1.0
5,12,1244.7571,0.97564
5,12,1246.2855,0.92175
5,12,1247.7531,0.86418
5,12,1249.2648,0.79307
5,12,1250.7683,0.69383
5,12,1252.2645,0.57462
5,12,1253.7543,0.4429
5,12,1255.2897,0.31486
5,12,1256.7698,0.23361
5,12,1258.2981,0.17121
5,12,1259.7743,0.10967
5,12,1261.3019,0.06775
5,12,1262.7804,0.05075
5,12,1264.2622,0.04051
5,12,1265.8,0.02971
5,12,1267.2925,0.01932
5,12,1268.7915,0.01442
5,12,1270.2979,0.01183
5,12,1271.5479,0.01
5,13,1213.485,0.01
5,13,1213.5685,0.01018
5,13,1215.072,0.01505
5,13,1216.5824,0.02228
5,13,1218.0479,0.03266
5,13,1219.5732,0.04732
5,13,1221.0537,0.06817
5,13,1222.5415,0.10019
5,13,1224.0364,0.14888
5,13,1225.5376,0.21364
5,13,1227.0447,0.2987
5,13,1228.5563,0.39821
5,13,1230.0715,0.50936
5,13,1231.5348,0.62908
5,13,1233.0536,0.7481
5,13,1234.5719,0.83227
5,13,1236.0345,0.89553
5,13,1237.5485,0.957
5,13,1239.0582,0.98714
5,13,1240.5629,0.99223
5,13,1242.0613,0.99538
5,13,1243.5525,1.0
5,13,1245.0364,0.97525
5,13,1246.5648,0.92596
5,13,1248.0323,0.87019
5,13,1249.5441,0.79309
5,13,1251.0476,0.68272
5,13,1252.5438,0.55395
5,13,1254.0336,0.41444
5,13,1255.569,0.29192
5,13,1257.0491,0.21581
5,13,1258.5774,0.1556
5,13,1260.0536,0.0975
5,13,1261.5812,0.06277
5,13,1263.0597,0.04768
5,13,1264.5415,0.03792
5,13,1266.0793,0.02709
5,13,1267.5718,0.01807
5,13,1269.0708,0.01393
5,13,1270.5771,0.01127
5,13,1271.4917,0.01
5,14,1213.1572,0.01
5,14,1214.2982,0.01321
5,14,1215.8086,0.01941
5,14,1217.274,0.02799
5,14,1218.7994,0.04017
5,14,1220.2799,0.05745
5,14,1221.7677,0.08477
5,14,1223.2626,0.12582
5,14,1224.7638,0.18095
5,14,1226.2709,0.25627
5,14,1227.7825,0.34843
5,14,1229.2977,0.45416
5,14,1230.761,0.57104
5,14,1232.2798,0.69657
5,14,1233.7981,0.79246
5,14,1235.2607,0.86282
5,14,1236.7747,0.93401
5,14,1238.2844,0.9753
5,14,1239.7891,0.98451
5,14,1241.2875,0.98973
5,14,1242.7787,1.0
5,14,1244.2626,0.98431
5,14,1245.791,0.94599
5,14,1247.2585,0.90204
5,14,1248.7703,0.84183
5,14,1250.2738,0.74394
5,14,1251.77,0.62387
5,14,1253.2598,0.48745
5,14,1254.7952,0.35499
5,14,1256.2753,0.26512
5,14,1257.8036,0.19456
5,14,1259.2798,0.12389
5,14,1260.8074,0.0788
5,14,1262.2859,0.05893
5,14,1263.7677,0.04664
5,14,1265.3055,0.03329
5,14,1266.798,0.02187
5,14,1268.297,0.01656
5,14,1269.8033,0.01341
5,14,1271.2651,0.01096
5,14,1271.7025,0.01
5,15,1213.2017,0.01
5,15,1214.4813,0.01383
5,15,1215.9917,0.02039
5,15,1217.4572,0.02924
5,15,1218.9825,0.04212
5,15,1220.463,0.06053
5,15,1221.9508,0.08908
5,15,1223.4457,0.13176
5,15,1224.9469,0.18855
5,15,1226.454,0.266
5,15,1227.9656,0.36083
5,15,1229.4808,0.46538
5,15,1230.9441,0.57901
5,15,1232.4629,0.70315
5,15,1233.9812,0.7996
5,15,1235.4438,0.86305
5,15,1236.9578,0.9311
5,15,1238.4675,0.97494
5,15,1239.9722,0.98365
5,15,1241.4706,0.98692
5,15,1242.9618,1.0
5,15,1244.4457,0.98786
5,15,1245.9741,0.94739
5,15,1247.4417,0.89796
5,15,1248.9534,0.83328
5,15,1250.4569,0.72961
5,15,1251.9531,0.60822
5,15,1253.4429,0.47077
5,15,1254.9783,0.33657
5,15,1256.4584,0.24804
5,15,1257.9867,0.18388
5,15,1259.4629,0.11904
5,15,1260.9905,0.07327
5,15,1262.469,0.05423
5,15,1263.9508,0.04331
5,15,1265.4886,0.03209
5,15,1266.9811,0.02057
5,15,1268.4801,0.01535
5,15,1269.9865,0.01245
5,15,1271.4482,0.0104
5,15,1271.6427,0.01
5,16,1213.3119,0.01
5,16,1214.7284,0.01456
5,16,1216.2388,0.02153
5,16,1217.7042,0.03116
5,16,1219.2296,0.04516
5,16,1220.7101,0.06575
5,16,1222.1979,0.09723
5,16,1223.6927,0.14237
5,16,1225.194,0.20265
5,16,1226.701,0.28478
5,16,1228.2126,0.38246
5,16,1229.7279,0.48401
5,16,1231.1912,0.59552
5,16,1232.71,0.72057
5,16,1234.2283,0.81676
5,16,1235.6909,0.87483
5,16,1237.2048,0.93958
5,16,1238.7146,0.98052
5,16,1240.2192,0.98623
5,16,1241.7177,0.98723
5,16,1243.2089,1.0
5,16,1244.6927,0.98388
5,16,1246.2212,0.93788
5,16,1247.6887,0.88397
5,16,1249.2004,0.81548
5,16,1250.704,0.7123
5,16,1252.2002,0.59682
5,16,1253.6899,0.4613
5,16,1255.2253,0.32297
5,16,1256.7054,0.23488
5,16,1258.2338,0.17261
5,16,1259.71,0.11357
5,16,1261.2375,0.06899
5,16,1262.7161,0.0504
5,16,1264.1979,0.03986
5,16,1265.7357,0.03012
5,16,1267.2281,0.01968
5,16,1268.7272,0.01432
5,16,1270.2335,0.01165
5,16,1271.3008,0.01
5,17,1213.3119,0.01
5,17,1214.7284,0.01456
5,17,1216.2388,0.02153
5,17,1217.7042,0.03116
5,17,1219.2296,0.04516
5,17,1220.7101,0.06575
5,17,1222.1979,0.09723
5,17,1223.6927,0.14237
5,17,1225.194,0.20265
5,17,1226.701,0.28478
5,17,1228.2126,0.38246
5,17,1229.7279,0.48401
5,17,1231.1912,0.59552
5,17,1232.71,0.72057
5,17,1234.2283,0.81676
5,17,1235.6909,0.87483
5,17,1237.2048,0.93958
5,17,1238.7146,0.98052
5,17,1240.2192,0.98623
5,17,1241.7177,0.98723
5,17,1243.2089,1.0
5,17,1244.6927,0.98388
5,17,1246.2212,0.93788
5,17,1247.6887,0.88397
5,17,1249.2004,0.81548
5,17,1250.704,0.7123
5,17,1252.2002,0.59682
5,17,1253.6899,0.4613
5,17,1255.2253,0.32297
5,17,1256.7054,0.23488
5,17,1258.2338,0.17261
5,17,1259.71,0.11357
5,17,1261.2375,0.06899
5,17,1262.7161,0.0504
5,17,1264.1979,0.03986
5,17,1265.7357,0.03012
5,17,1267.2281,0.01968
5,17,1268.7272,0.01432
5,17,1270.2335,0.01165
5,17,1271.3008,0.01
5,18,1213.3119,0.01
5,18,1214.7284,0.01456
5,18,1216.2388,0.02153
5,18,1217.7042,0.03116
5,18,1219.2296,0.04516
5,18,1220.7101,0.06575
5,18,1222.1979,0.09723
5,18,1223.6927,0.14237
5,18,1225.194,0.20265
5,18,1226.701,0.28478
5,18,1228.2126,0.38246
5,18,1229.7279,0.48401
5,18,1231.1912,0.59552
5,18,1232.71,0.72057
5,18,1234.2283,0.81676
5,18,1235.6909,0.87483
5,18,1237.2048,0.93958
5,18,1238.7146,0.98052
5,18,1240.2192,0.98623
5,18,1241.7177,0.98723
5,18,1243.2089,1.0
5,18,1244.6927,0.98388
5,18,1246.2212,0.93788
5,18,1247.6887,0.88397
5,18,1249.2004,0.81548
5,18,1250.704,0.7123
5,18,1252.2002,0.59682
5,18,1253.6899,0.4613
5,18,1255.2253,0.32297
5,18,1256.7054,0.23488
5,18,1258.2338,0.17261
5,18,1259.71,0.11357
5,18,1261.2375,0.06899
5,18,1262.7161,0.0504
5,18,1264.1979,0.03986
5,18,1265.7357,0.03012
5,18,1267.2281,0.01968
5,18,1268.7272,0.01432
5,18,1270.2335,0.01165
5,18,1271.3008,0.01
5,19,1213.3119,0.01
5,19,1214.7284,0.01456
5,19,1216.2388,0.02153
5,19,1217.7042,0.03116
5,19,1219.2296,0.04516
5,19,1220.7101,0.06575
5,19,1222.1979,0.09723
5,19,1223.6927,0.14237
5,19,1225.194,0.20265
5,19,1226.701,0.28478
5,19,1228.2126,0.38246
5,19,1229.7279,0.48401
5,19,1231.1912,0.59552
5,19,1232.71,0.72057
5,19,1234.2283,0.81676
5,19,1235.6909,0.87483
5,19,1237.2048,0.93958
5,19,1238.7146,0.98052
5,19,1240.2192,0.98623
5,19,1241.7177,0.98723
5,19,1243.2089,1.0
5,19,1244.6927,0.98388
5,19,1246.2212,0.93788
5,19,1247.6887,0.88397
5,19,1249.2004,0.81548
5,19,1250.704,0.7123
5,19,1252.2002,0.59682
5,19,1253.6899,0.4613
5,19,1255.2253,0.32297
5,19,1256.7054,0.23488
5,19,1258.2338,0.17261
5,19,1259.71,0.11357
5,19,1261.2375,0.06899
5,19,1262.7161,0.0504
5,19,1264.1979,0.03986
5,19,1265.7357,0.03012
5,19,1267.2281,0.01968
5,19,1268.7272,0.01432
5,19,1270.2335,0.01165
5,19,1271.3008,0.01
5,20,1213.3119,0.01
5,20,1214.7284,0.01456
5,20,1216.2388,0.02153
5,20,1217.7042,0.03116
5,20,1219.2296,0.04516
5,20,1220.7101,0.06575
5,20,1222.1979,0.09723
5,20,1223.6927,0.14237
5,20,1225.194,0.20265
5,20,1226.701,0.28478
5,20,1228.2126,0.38246
5,20,1229.7279,0.48401
5,20,1231.1912,0.59552
5,20,1232.71,0.72057
5,20,1234.2283,0.81676
5,20,1235.6909,0.87483
5,20,1237.2048,0.93958
5,20,1238.7146,0.98052
5,20,1240.2192,0.98623
5,20,1241.7177,0.98723
5,20,1243.2089,1.0
5,20,1244.6927,0.98388
5,20,1246.2212,0.93788
5,20,1247.6887,0.88397
5,20,1249.2004,0.81548
5,20,1250.704,0.7123
5,20,1252.2002,0.59682
5,20,1253.6899,0.4613
5,20,1255.2253,0.32297
5,20,1256.7054,0.23488
5,20,1258.2338,0.17261
5,20,1259.71,0.11357
5,20,1261.2375,0.06899
5,20,1262.7161,0.0504
5,20,1264.1979,0.03986
5,20,1265.7357,0.03012
5,20,1267.2281,0.01968
5,20,1268.7272,0.01432
5,20,1270.2335,0.01165
5,20,1271.3008,0.01
