Band,Channel,Wavelength,RSR
12,1,537.4,0.01
12,1,538.4134,0.03348
12,1,539.4026,0.08051
12,1,540.387,0.16583
12,1,541.3928,0.32129
12,1,542.3919,0.53595
12,1,543.4106,0.77242
12,1,543.4106,0.77203
12,1,544.3954,0.91937
12,1,545.3999,0.97803
12,1,546.3982,0.99607
12,1,547.3914,1.0
12,1,548.407,0.98711
12,1,549.3945,0.93386
12,1,550.4078,0.8435
12,1,551.3965,0.69691
12,1,552.3884,0.50366
12,1,552.3884,0.50327
12,1,553.411,0.28641
12,1,554.3868,0.11618
12,1,555.3953,0.03324
12,1,556.3781,0.01
12,2,537.1947,0.01
12,2,537.773,0.01756
12,2,538.7933,0.05812
12,2,539.7825,0.13317
12,2,540.7669,0.24969
12,2,541.7727,0.41827
12,2,542.7718,0.62904
12,2,543.7905,0.83894
12,2,543.7905,0.839
12,2,544.7753,0.95316
12,2,545.7798,0.98812
12,2,546.7781,1.0
12,2,547.7713,0.98921
12,2,548.7869,0.95667
12,2,549.7744,0.89347
12,2,550.7877,0.78989
12,2,551.7764,0.64285
12,2,552.7683,0.45611
12,2,552.7683,0.45582
12,2,553.7909,0.24671
12,2,554.7667,0.09378
12,2,555.7752,0.02612
12,2,556.6619,0.01
12,3,537.2297,0.01
12,3,537.9899,0.02326
12,3,539.0101,0.07241
12,3,539.9993,0.15683
12,3,540.9838,0.28448
12,3,541.9896,0.46384
12,3,542.9886,0.67823
12,3,544.0073,0.87459
12,3,544.0073,0.87479
12,3,544.9921,0.96682
12,3,545.9966,0.99284
12,3,546.9949,1.0
12,3,547.9882,0.98423
12,3,549.0037,0.94606
12,3,549.9913,0.87648
12,3,551.0045,0.76273
12,3,551.9932,0.60507
12,3,552.9852,0.4118
12,3,552.9852,0.4115
12,3,554.0078,0.20886
12,3,554.9835,0.07439
12,3,555.9921,0.02035
12,3,556.7358,0.01
12,4,537.2759,0.01
12,4,538.1266,0.02761
12,4,539.1469,0.08263
12,4,540.1361,0.17261
12,4,541.1205,0.30623
12,4,542.1263,0.49162
12,4,543.1254,0.70708
12,4,544.1441,0.89459
12,4,544.1441,0.89483
12,4,545.1289,0.97429
12,4,546.1334,0.99576
12,4,547.1317,1.0
12,4,548.1249,0.98057
12,4,549.1405,0.93754
12,4,550.1281,0.86252
12,4,551.1413,0.74226
12,4,552.13,0.57932
12,4,553.1219,0.38423
12,4,553.1219,0.38385
12,4,554.1445,0.18678
12,4,555.1203,0.06391
12,4,556.1288,0.01754
12,4,556.7621,0.01
12,5,537.2973,0.01
12,5,538.2103,0.03108
12,5,539.2305,0.08981
12,5,540.2197,0.18362
12,5,541.2042,0.32167
12,5,542.21,0.50941
12,5,543.209,0.72415
12,5,544.2277,0.90698
12,5,544.2277,0.9071
12,5,545.2125,0.97955
12,5,546.217,0.99802
12,5,547.2153,1.0
12,5,548.2086,0.97863
12,5,549.2241,0.9323
12,5,550.2117,0.85344
12,5,551.2249,0.72936
12,5,552.2136,0.56413
12,5,553.2056,0.36997
12,5,553.2056,0.36957
12,5,554.2281,0.17623
12,5,555.2039,0.05922
12,5,556.2125,0.0163
12,5,556.7836,0.01
12,6,537.2899,0.01
12,6,538.239,0.0339
12,6,539.2593,0.09499
12,6,540.2485,0.1896
12,6,541.2329,0.32717
12,6,542.2387,0.51296
12,6,543.2378,0.72623
12,6,544.2565,0.90915
12,6,544.2565,0.90936
12,6,545.2413,0.98056
12,6,546.2458,0.99834
12,6,547.2441,1.0
12,6,548.2373,0.97694
12,6,549.2529,0.92782
12,6,550.2404,0.84729
12,6,551.2537,0.72306
12,6,552.2424,0.5594
12,6,553.2343,0.36741
12,6,553.2343,0.36695
12,6,554.2569,0.17468
12,6,555.2327,0.05848
12,6,556.2412,0.01609
12,6,556.8029,0.01
12,7,537.2707,0.01
12,7,538.2057,0.03346
12,7,539.226,0.09472
12,7,540.2152,0.1888
12,7,541.1996,0.32372
12,7,542.2054,0.50542
12,7,543.2045,0.71658
12,7,544.2232,0.90399
12,7,544.2232,0.90432
12,7,545.208,0.97959
12,7,546.2125,0.99762
12,7,547.2108,1.0
12,7,548.204,0.97699
12,7,549.2196,0.92799
12,7,550.2072,0.84807
12,7,551.2204,0.72595
12,7,552.2091,0.56579
12,7,553.201,0.37701
12,7,553.201,0.37655
12,7,554.2236,0.18289
12,7,555.1994,0.06214
12,7,556.2079,0.01698
12,7,556.8157,0.01
12,8,537.2148,0.01
12,8,538.1188,0.03078
12,8,539.139,0.08979
12,8,540.1282,0.18178
12,8,541.1127,0.31235
12,8,542.1185,0.48738
12,8,543.1176,0.69474
12,8,544.1362,0.8904
12,8,544.1362,0.8906
12,8,545.121,0.97727
12,8,546.1255,0.99591
12,8,547.1238,1.0
12,8,548.1171,0.97856
12,8,549.1326,0.93034
12,8,550.1202,0.85242
12,8,551.1334,0.7354
12,8,552.1221,0.58127
12,8,553.1141,0.39789
12,8,553.1141,0.3974
12,8,554.1367,0.20225
12,8,555.1124,0.07158
12,8,556.121,0.0196
12,8,556.8367,0.01
12,9,537.1854,0.01
12,9,538.0692,0.03038
12,9,539.0895,0.09435
12,9,540.0787,0.19311
12,9,541.0631,0.32389
12,9,542.0689,0.48428
12,9,543.068,0.67112
12,9,544.0867,0.8662
12,9,544.0867,0.86482
12,9,545.0715,0.96933
12,9,546.076,0.99165
12,9,547.0743,1.0
12,9,548.0675,0.98094
12,9,549.0831,0.9298
12,9,550.0706,0.84427
12,9,551.0839,0.72904
12,9,552.0726,0.58422
12,9,553.0645,0.41827
12,9,553.0645,0.41719
12,9,554.0871,0.23065
12,9,555.0629,0.08815
12,9,556.0714,0.02433
12,9,556.9174,0.01
12,10,537.1854,0.01
12,10,538.0692,0.03038
12,10,539.0895,0.09435
12,10,540.0787,0.19311
12,10,541.0631,0.32389
12,10,542.0689,0.48428
12,10,543.068,0.67112
12,10,544.0867,0.8662
12,10,544.0867,0.86482
12,10,545.0715,0.96933
12,10,546.076,0.99165
12,10,547.0743,1.0
12,10,548.0675,0.98094
12,10,549.0831,0.9298
12,10,550.0706,0.84427
12,10,551.0839,0.72904
12,10,552.0726,0.58422
12,10,553.0645,0.41827
12,10,553.0645,0.41719
12,10,554.0871,0.23065
12,10,555.0629,0.08815
12,10,556.0714,0.02433
12,10,556.9174,0.01
