Band,Channel,Wavelength,RSR
14,1,665.7759,0.01
14,1,665.7874,0.01006
14,1,666.481,0.01582
14,1,667.1486,0.02596
14,1,667.8433,0.04284
14,1,668.5107,0.06908
14,1,669.2042,0.11265
14,1,669.8699,0.17159
14,1,670.5604,0.25034
14,1,671.2224,0.33822
14,1,671.9081,0.44095
14,1,672.5911,0.5479
14,1,673.2708,0.66636
14,1,673.9473,0.77852
14,1,674.6204,0.8716
14,1,675.3156,0.92415
14,1,675.9818,0.95377
14,1,676.6702,0.97678
14,1,677.3555,0.99497
14,1,678.0381,1.0
14,1,678.7186,0.99955
14,1,679.3972,0.98597
14,1,680.0745,0.93479
14,1,680.7512,0.85274
14,1,681.4279,0.76712
14,1,682.1052,0.681
14,1,682.7836,0.58873
14,1,683.4636,0.48296
14,1,684.1458,0.35373
14,1,684.8306,0.21482
14,1,685.5184,0.11166
14,1,686.1837,0.05653
14,1,686.8776,0.02951
14,1,687.5493,0.01676
14,1,688.2239,0.01039
14,1,688.2961,0.01
14,2,665.8389,0.01
14,2,666.4623,0.01546
14,2,667.1559,0.02527
14,2,667.8235,0.0398
14,2,668.5182,0.06599
14,2,669.1857,0.10659
14,2,669.8792,0.17234
14,2,670.5449,0.25831
14,2,671.2354,0.36647
14,2,671.8973,0.47792
14,2,672.5831,0.59421
14,2,673.266,0.70411
14,2,673.9457,0.80684
14,2,674.6222,0.89319
14,2,675.2953,0.95523
14,2,675.9905,0.98953
14,2,676.6567,1.0
14,2,677.3451,0.99736
14,2,678.0305,0.98881
14,2,678.7131,0.97583
14,2,679.3935,0.96206
14,2,680.0721,0.935
14,2,680.7494,0.87353
14,2,681.4261,0.78632
14,2,682.1028,0.6882
14,2,682.7801,0.58855
14,2,683.4585,0.48457
14,2,684.1385,0.37125
14,2,684.8207,0.25046
14,2,685.5056,0.14152
14,2,686.1933,0.07196
14,2,686.8586,0.03814
14,2,687.5526,0.02107
14,2,688.2242,0.01275
14,2,688.6402,0.01
14,3,665.8163,0.01
14,3,666.1058,0.01184
14,3,666.7715,0.01863
14,3,667.4651,0.03068
14,3,668.1327,0.04944
14,3,668.8273,0.08139
14,3,669.4948,0.13218
14,3,670.1883,0.21092
14,3,670.854,0.30921
14,3,671.5445,0.42505
14,3,672.2064,0.53876
14,3,672.8922,0.65126
14,3,673.5751,0.75583
14,3,674.2549,0.84986
14,3,674.9313,0.92613
14,3,675.6044,0.97573
14,3,676.2996,0.99847
14,3,676.9658,1.0
14,3,677.6542,0.99024
14,3,678.3396,0.97783
14,3,679.0222,0.96364
14,3,679.7026,0.94596
14,3,680.3812,0.90871
14,3,681.0585,0.83667
14,3,681.7353,0.74213
14,3,682.412,0.64229
14,3,683.0892,0.54126
14,3,683.7676,0.43564
14,3,684.4477,0.32073
14,3,685.1299,0.20418
14,3,685.8147,0.10963
14,3,686.5024,0.05537
14,3,687.1677,0.02995
14,3,687.8617,0.01696
14,3,688.5333,0.0105
14,3,688.6289,0.01
14,4,665.8093,0.01
14,4,666.2902,0.01367
14,4,666.9559,0.02174
14,4,667.6495,0.03502
14,4,668.3171,0.05646
14,4,669.0117,0.09314
14,4,669.6792,0.14963
14,4,670.3727,0.23597
14,4,671.0384,0.33896
14,4,671.7289,0.45667
14,4,672.3908,0.56957
14,4,673.0766,0.68037
14,4,673.7595,0.78265
14,4,674.4393,0.87293
14,4,675.1157,0.9428
14,4,675.7888,0.98424
14,4,676.484,1.0
14,4,677.1502,0.99744
14,4,677.8386,0.98593
14,4,678.524,0.97253
14,4,679.2066,0.9584
14,4,679.887,0.93674
14,4,680.5656,0.88983
14,4,681.2429,0.81039
14,4,681.9197,0.71383
14,4,682.5964,0.6143
14,4,683.2736,0.51309
14,4,683.952,0.40604
14,4,684.6321,0.28931
14,4,685.3143,0.17649
14,4,685.9991,0.09203
14,4,686.6868,0.0467
14,4,687.3521,0.02568
14,4,688.0461,0.01502
14,4,688.6536,0.01
14,5,665.8127,0.01
14,5,666.4061,0.01476
14,5,667.0717,0.02346
14,5,667.7653,0.03802
14,5,668.4329,0.06109
14,5,669.1276,0.10097
14,5,669.795,0.16177
14,5,670.4885,0.25251
14,5,671.1542,0.35808
14,5,671.8447,0.47601
14,5,672.5067,0.58853
14,5,673.1924,0.69846
14,5,673.8754,0.79909
14,5,674.5551,0.88671
14,5,675.2316,0.95158
14,5,675.9047,0.9882
14,5,676.5999,1.0
14,5,677.2661,0.99496
14,5,677.9545,0.98238
14,5,678.6398,0.96868
14,5,679.3224,0.95412
14,5,680.0029,0.92902
14,5,680.6815,0.87645
14,5,681.3588,0.79352
14,5,682.0355,0.69577
14,5,682.7122,0.59656
14,5,683.3895,0.49529
14,5,684.0679,0.38741
14,5,684.7479,0.27015
14,5,685.4301,0.16035
14,5,686.1149,0.08233
14,5,686.8027,0.04182
14,5,687.468,0.02334
14,5,688.1619,0.01354
14,5,688.6562,0.01
14,6,665.8322,0.01
14,6,666.4594,0.01534
14,6,667.1251,0.02451
14,6,667.8187,0.0397
14,6,668.4863,0.06394
14,6,669.1809,0.10568
14,6,669.8484,0.16887
14,6,670.5419,0.26148
14,6,671.2076,0.36775
14,6,671.8981,0.48587
14,6,672.56,0.59789
14,6,673.2458,0.70765
14,6,673.9287,0.80742
14,6,674.6085,0.89338
14,6,675.2849,0.95633
14,6,675.958,0.98976
14,6,676.6532,1.0
14,6,677.3194,0.99445
14,6,678.0078,0.98157
14,6,678.6932,0.96831
14,6,679.3758,0.95389
14,6,680.0562,0.92572
14,6,680.7348,0.86972
14,6,681.4121,0.78633
14,6,682.0889,0.6887
14,6,682.7656,0.58916
14,6,683.4428,0.48783
14,6,684.1212,0.3795
14,6,684.8013,0.26233
14,6,685.4835,0.15388
14,6,686.1683,0.07871
14,6,686.856,0.04023
14,6,687.5213,0.02252
14,6,688.2153,0.01319
14,6,688.6589,0.01
14,7,665.8144,0.01
14,7,666.4625,0.01534
14,7,667.1282,0.02476
14,7,667.8218,0.04011
14,7,668.4894,0.06466
14,7,669.184,0.1068
14,7,669.8515,0.17044
14,7,670.545,0.26308
14,7,671.2107,0.36852
14,7,671.9012,0.48629
14,7,672.5631,0.59859
14,7,673.2489,0.70835
14,7,673.9318,0.80871
14,7,674.6116,0.8947
14,7,675.288,0.95711
14,7,675.9611,0.99019
14,7,676.6563,1.0
14,7,677.3225,0.99403
14,7,678.0109,0.98185
14,7,678.6963,0.96864
14,7,679.3789,0.95341
14,7,680.0593,0.9237
14,7,680.7379,0.86685
14,7,681.4152,0.78421
14,7,682.092,0.68768
14,7,682.7687,0.58878
14,7,683.4459,0.48771
14,7,684.1243,0.38031
14,7,684.8044,0.26373
14,7,685.4866,0.15544
14,7,686.1714,0.07956
14,7,686.8591,0.04047
14,7,687.5244,0.02254
14,7,688.2184,0.01332
14,7,688.6753,0.01
14,8,665.7984,0.01
14,8,666.4113,0.01505
14,8,667.077,0.02407
14,8,667.7706,0.03923
14,8,668.4382,0.0631
14,8,669.1328,0.10419
14,8,669.8003,0.16634
14,8,670.4938,0.25649
14,8,671.1595,0.35994
14,8,671.85,0.47639
14,8,672.5119,0.58886
14,8,673.1977,0.70026
14,8,673.8806,0.8019
14,8,674.5604,0.88976
14,8,675.2368,0.9546
14,8,675.9099,0.98952
14,8,676.6051,1.0
14,8,677.2713,0.99475
14,8,677.9597,0.98248
14,8,678.6451,0.9693
14,8,679.3277,0.95407
14,8,680.0081,0.92352
14,8,680.6867,0.86748
14,8,681.364,0.78707
14,8,682.0408,0.69294
14,8,682.7175,0.59473
14,8,683.3947,0.49527
14,8,684.0731,0.39073
14,8,684.7532,0.2759
14,8,685.4354,0.16638
14,8,686.1202,0.08593
14,8,686.8079,0.04359
14,8,687.4732,0.02412
14,8,688.1672,0.01401
14,8,688.7037,0.01
14,9,665.7158,0.01
14,9,666.2712,0.01448
14,9,666.9369,0.02306
14,9,667.6305,0.03819
14,9,668.2981,0.06135
14,9,668.9927,0.10177
14,9,669.6602,0.16186
14,9,670.3537,0.24884
14,9,671.0194,0.34675
14,9,671.7099,0.45738
14,9,672.3718,0.56546
14,9,673.0576,0.67674
14,9,673.7405,0.7821
14,9,674.4203,0.87698
14,9,675.0967,0.94789
14,9,675.7698,0.98805
14,9,676.465,1.0
14,9,677.1312,0.99525
14,9,677.8196,0.98685
14,9,678.505,0.97953
14,9,679.1876,0.97024
14,9,679.868,0.94189
14,9,680.5466,0.88288
14,9,681.2239,0.80016
14,9,681.9007,0.70906
14,9,682.5774,0.6167
14,9,683.2546,0.52436
14,9,683.933,0.42709
14,9,684.6131,0.31464
14,9,685.2953,0.19865
14,9,685.9801,0.10496
14,9,686.6678,0.05267
14,9,687.3331,0.0285
14,9,688.0271,0.01613
14,9,688.6987,0.01011
14,9,688.7199,0.01
14,10,665.7158,0.01
14,10,666.2712,0.01448
14,10,666.9369,0.02306
14,10,667.6305,0.03819
14,10,668.2981,0.06135
14,10,668.9927,0.10177
14,10,669.6602,0.16186
14,10,670.3537,0.24884
14,10,671.0194,0.34675
14,10,671.7099,0.45738
14,10,672.3718,0.56546
14,10,673.0576,0.67674
14,10,673.7405,0.7821
14,10,674.4203,0.87698
14,10,675.0967,0.94789
14,10,675.7698,0.98805
14,10,676.465,1.0
14,10,677.1312,0.99525
14,10,677.8196,0.98685
14,10,678.505,0.97953
14,10,679.1876,0.97024
14,10,679.868,0.94189
14,10,680.5466,0.88288
14,10,681.2239,0.80016
14,10,681.9007,0.70906
14,10,682.5774,0.6167
14,10,683.2546,0.52436
14,10,683.933,0.42709
14,10,684.6131,0.31464
14,10,685.2953,0.19865
14,10,685.9801,0.10496
14,10,686.6678,0.05267
14,10,687.3331,0.0285
14,10,688.0271,0.01613
14,10,688.6987,0.01011
14,10,688.7199,0.01
