Band,Channel,Wavelength,RSR
6,1,1595.4365,0.01
6,1,1596.1855,0.01143
6,1,1598.1567,0.01727
6,1,1600.1655,0.02786
6,1,1602.1594,0.04333
6,1,1604.187,0.07581
6,1,1606.1495,0.11915
6,1,1608.1465,0.175
6,1,1610.1787,0.2546
6,1,1612.1523,0.34169
6,1,1614.1677,0.46266
6,1,1616.1804,0.60836
6,1,1618.1469,0.70012
6,1,1620.1669,0.78652
6,1,1622.1479,0.87498
6,1,1624.1895,1.0
6,1,1626.1469,0.98511
6,1,1628.1678,0.95914
6,1,1630.1534,0.91865
6,1,1632.1517,0.84853
6,1,1634.1611,0.79107
6,1,1636.1791,0.74123
6,1,1638.1515,0.66957
6,1,1640.1764,0.60807
6,1,1642.1488,0.48281
6,1,1644.1665,0.33299
6,1,1646.1754,0.22543
6,1,1648.1729,0.17788
6,1,1650.1565,0.14214
6,1,1652.1741,0.09009
6,1,1654.1755,0.04029
6,1,1656.1611,0.02323
6,1,1658.1805,0.01823
6,1,1660.1877,0.01529
6,1,1662.186,0.0119
6,1,1662.9935,0.01
6,2,1595.4365,0.01
6,2,1596.1855,0.01143
6,2,1598.1567,0.01727
6,2,1600.1655,0.02786
6,2,1602.1594,0.04333
6,2,1604.187,0.07581
6,2,1606.1495,0.11915
6,2,1608.1465,0.175
6,2,1610.1787,0.2546
6,2,1612.1523,0.34169
6,2,1614.1677,0.46266
6,2,1616.1804,0.60836
6,2,1618.1469,0.70012
6,2,1620.1669,0.78652
6,2,1622.1479,0.87498
6,2,1624.1895,1.0
6,2,1626.1469,0.98511
6,2,1628.1678,0.95914
6,2,1630.1534,0.91865
6,2,1632.1517,0.84853
6,2,1634.1611,0.79107
6,2,1636.1791,0.74123
6,2,1638.1515,0.66957
6,2,1640.1764,0.60807
6,2,1642.1488,0.48281
6,2,1644.1665,0.33299
6,2,1646.1754,0.22543
6,2,1648.1729,0.17788
6,2,1650.1565,0.14214
6,2,1652.1741,0.09009
6,2,1654.1755,0.04029
6,2,1656.1611,0.02323
6,2,1658.1805,0.01823
6,2,1660.1877,0.01529
6,2,1662.186,0.0119
6,2,1662.9935,0.01
6,3,1595.4365,0.01
6,3,1596.1855,0.01143
6,3,1598.1567,0.01727
6,3,1600.1655,0.02786
6,3,1602.1594,0.04333
6,3,1604.187,0.07581
6,3,1606.1495,0.11915
6,3,1608.1465,0.175
6,3,1610.1787,0.2546
6,3,1612.1523,0.34169
6,3,1614.1677,0.46266
6,3,1616.1804,0.60836
6,3,1618.1469,0.70012
6,3,1620.1669,0.78652
6,3,1622.1479,0.87498
6,3,1624.1895,1.0
6,3,1626.1469,0.98511
6,3,1628.1678,0.95914
6,3,1630.1534,0.91865
6,3,1632.1517,0.84853
6,3,1634.1611,0.79107
6,3,1636.1791,0.74123
6,3,1638.1515,0.66957
6,3,1640.1764,0.60807
6,3,1642.1488,0.48281
6,3,1644.1665,0.33299
6,3,1646.1754,0.22543
6,3,1648.1729,0.17788
6,3,1650.1565,0.14214
6,3,1652.1741,0.09009
6,3,1654.1755,0.04029
6,3,1656.1611,0.02323
6,3,1658.1805,0.01823
6,3,1660.1877,0.01529
6,3,1662.186,0.0119
6,3,1662.9935,0.01
6,4,1595.1937,0.01
6,4,1597.2192,0.01592
6,4,1599.1904,0.0244
6,4,1601.1992,0.03859
6,4,1603.1931,0.06014
6,4,1605.2207,0.10041
6,4,1607.1832,0.15813
6,4,1609.1802,0.23251
6,4,1611.2124,0.32788
6,4,1613.186,0.4268
6,4,1615.2014,0.53927
6,4,1617.2141,0.6604
6,4,1619.1805,0.75101
6,4,1621.2006,0.85444
6,4,1623.1816,0.93884
6,4,1625.2231,1.0
6,4,1627.1805,0.99345
6,4,1629.2015,0.96934
6,4,1631.1871,0.9335
6,4,1633.1854,0.88355
6,4,1635.1948,0.8242
6,4,1637.2128,0.75464
6,4,1639.1852,0.66217
6,4,1641.2101,0.55724
6,4,1643.1825,0.42479
6,4,1645.2002,0.29794
6,4,1647.2091,0.21075
6,4,1649.2065,0.15523
6,4,1651.1902,0.10409
6,4,1653.2078,0.05592
6,4,1655.2092,0.03034
6,4,1657.1948,0.02074
6,4,1659.2142,0.01535
6,4,1661.2214,0.01115
6,4,1661.8856,0.01
6,5,1595.4513,0.01
6,5,1597.1525,0.01416
6,5,1599.1237,0.02164
6,5,1601.1324,0.03363
6,5,1603.1263,0.05227
6,5,1605.1539,0.0843
6,5,1607.1165,0.13275
6,5,1609.1134,0.20507
6,5,1611.1456,0.30703
6,5,1613.1193,0.42426
6,5,1615.1346,0.54975
6,5,1617.1473,0.67252
6,5,1619.1138,0.77837
6,5,1621.1338,0.88485
6,5,1623.1149,0.96207
6,5,1625.1564,0.99978
6,5,1627.1138,1.0
6,5,1629.1348,0.99003
6,5,1631.1204,0.96744
6,5,1633.1187,0.93645
6,5,1635.1281,0.88737
6,5,1637.146,0.80757
6,5,1639.1184,0.69301
6,5,1641.1433,0.54995
6,5,1643.1157,0.40501
6,5,1645.1334,0.2844
6,5,1647.1423,0.20016
6,5,1649.1398,0.13947
6,5,1651.1234,0.08446
6,5,1653.141,0.04476
6,5,1655.1425,0.02788
6,5,1657.1281,0.01937
6,5,1659.1475,0.01416
6,5,1661.0238,0.01
6,6,1595.0392,0.01
6,6,1595.2102,0.0103
6,6,1597.2426,0.01566
6,6,1599.2137,0.02382
6,6,1601.2225,0.03657
6,6,1603.2164,0.05691
6,6,1605.244,0.09141
6,6,1607.2065,0.14274
6,6,1609.2035,0.21708
6,6,1611.2357,0.31988
6,6,1613.2094,0.43049
6,6,1615.2247,0.54823
6,6,1617.2374,0.66876
6,6,1619.2039,0.78483
6,6,1621.2239,0.89546
6,6,1623.205,0.97343
6,6,1625.2465,1.0
6,6,1627.2039,0.99898
6,6,1629.2249,0.99144
6,6,1631.2104,0.96966
6,6,1633.2087,0.93897
6,6,1635.2181,0.88735
6,6,1637.2361,0.802
6,6,1639.2085,0.68362
6,6,1641.2334,0.54288
6,6,1643.2058,0.40697
6,6,1645.2235,0.29255
6,6,1647.2324,0.21039
6,6,1649.2299,0.14219
6,6,1651.2135,0.07997
6,6,1653.2311,0.04427
6,6,1655.2325,0.02939
6,6,1657.2181,0.02108
6,6,1659.2375,0.01491
6,6,1661.1776,0.01
6,7,1596.7347,0.01
6,7,1597.1525,0.01097
6,7,1599.1237,0.01682
6,7,1601.1324,0.02524
6,7,1603.1263,0.03718
6,7,1605.1539,0.06297
6,7,1607.1165,0.09869
6,7,1609.1134,0.14854
6,7,1611.1456,0.21728
6,7,1613.1193,0.28933
6,7,1615.1346,0.37173
6,7,1617.1473,0.45732
6,7,1619.1138,0.5589
6,7,1621.1338,0.72804
6,7,1623.1149,0.87013
6,7,1625.1564,0.97389
6,7,1627.1138,1.0
6,7,1629.1348,0.87259
6,7,1631.1204,0.84362
6,7,1633.1187,0.8612
6,7,1635.1281,0.75392
6,7,1637.146,0.56701
6,7,1639.1184,0.47466
6,7,1641.1433,0.37464
6,7,1643.1157,0.28276
6,7,1645.1334,0.20685
6,7,1647.1423,0.15351
6,7,1649.1398,0.09969
6,7,1651.1234,0.05467
6,7,1653.141,0.0325
6,7,1655.1425,0.02514
6,7,1657.1281,0.01482
6,7,1659.1475,0.01696
6,7,1660.4186,0.01
6,8,1595.1261,0.01
6,8,1597.0959,0.01473
6,8,1599.0671,0.02215
6,8,1601.0759,0.0336
6,8,1603.0698,0.05274
6,8,1605.0974,0.08486
6,8,1607.0599,0.13356
6,8,1609.0569,0.20748
6,8,1611.0891,0.31039
6,8,1613.0627,0.42521
6,8,1615.0781,0.55063
6,8,1617.0908,0.68758
6,8,1619.0573,0.8182
6,8,1621.0773,0.93676
6,8,1623.0583,0.99476
6,8,1625.0999,1.0
6,8,1627.0573,0.997
6,8,1629.0782,0.99366
6,8,1631.0638,0.97795
6,8,1633.0621,0.95149
6,8,1635.0715,0.89774
6,8,1637.0895,0.80775
6,8,1639.0619,0.69201
6,8,1641.0868,0.556
6,8,1643.0592,0.42908
6,8,1645.0769,0.3212
6,8,1647.0858,0.23125
6,8,1649.0833,0.13766
6,8,1651.0669,0.07573
6,8,1653.0845,0.04919
6,8,1655.0859,0.03459
6,8,1657.0715,0.02531
6,8,1659.0909,0.01622
6,8,1660.7988,0.01
6,9,1595.1302,0.01
6,9,1595.2698,0.01024
6,9,1597.3021,0.01548
6,9,1599.2733,0.02306
6,9,1601.2821,0.03549
6,9,1603.276,0.05671
6,9,1605.3036,0.09193
6,9,1607.2661,0.14452
6,9,1609.2631,0.22132
6,9,1611.2953,0.32412
6,9,1613.2689,0.4365
6,9,1615.2843,0.56475
6,9,1617.297,0.70559
6,9,1619.2634,0.83694
6,9,1621.2834,0.9493
6,9,1623.2645,0.9953
6,9,1625.306,0.99973
6,9,1627.2634,1.0
6,9,1629.2844,0.99811
6,9,1631.27,0.97995
6,9,1633.2683,0.94766
6,9,1635.2777,0.88598
6,9,1637.2957,0.7921
6,9,1639.2681,0.67583
6,9,1641.293,0.54495
6,9,1643.2654,0.42423
6,9,1645.2831,0.3199
6,9,1647.292,0.22271
6,9,1649.2894,0.12903
6,9,1651.2731,0.07435
6,9,1653.2906,0.0497
6,9,1655.2921,0.03548
6,9,1657.2777,0.02473
6,9,1659.2971,0.01505
6,9,1660.762,0.01
6,10,1595.2184,0.01
6,10,1595.415,0.01035
6,10,1597.4474,0.01552
6,10,1599.4186,0.02301
6,10,1601.4274,0.03528
6,10,1603.4213,0.05599
6,10,1605.4489,0.09075
6,10,1607.4114,0.144
6,10,1609.4083,0.22337
6,10,1611.4406,0.32904
6,10,1613.4142,0.44266
6,10,1615.4296,0.57734
6,10,1617.4423,0.72424
6,10,1619.4087,0.85766
6,10,1621.4287,0.96206
6,10,1623.4098,0.99502
6,10,1625.4513,0.99809
6,10,1627.4087,1.0
6,10,1629.4297,0.99842
6,10,1631.4153,0.98059
6,10,1633.4136,0.94617
6,10,1635.423,0.87998
6,10,1637.4409,0.78232
6,10,1639.4133,0.66304
6,10,1641.4382,0.53444
6,10,1643.4106,0.4173
6,10,1645.4283,0.31265
6,10,1647.4373,0.20866
6,10,1649.4347,0.11892
6,10,1651.4183,0.07217
6,10,1653.4359,0.04868
6,10,1655.4374,0.03526
6,10,1657.423,0.02347
6,10,1659.4424,0.01373
6,10,1660.705,0.01
6,11,1595.0844,0.01
6,11,1595.5409,0.01084
6,11,1597.5732,0.01599
6,11,1599.5444,0.02365
6,11,1601.5532,0.03674
6,11,1603.5471,0.05954
6,11,1605.5747,0.09686
6,11,1607.5372,0.1524
6,11,1609.5342,0.23199
6,11,1611.5664,0.33655
6,11,1613.54,0.45071
6,11,1615.5554,0.5897
6,11,1617.5681,0.73626
6,11,1619.5345,0.8657
6,11,1621.5546,0.96552
6,11,1623.5356,0.99313
6,11,1625.5771,0.99624
6,11,1627.5345,1.0
6,11,1629.5555,0.99843
6,11,1631.5411,0.97691
6,11,1633.5394,0.93625
6,11,1635.5488,0.86468
6,11,1637.5668,0.76614
6,11,1639.5392,0.64978
6,11,1641.5641,0.5269
6,11,1643.5365,0.41261
6,11,1645.5542,0.31108
6,11,1647.5631,0.20742
6,11,1649.5605,0.11822
6,11,1651.5442,0.07362
6,11,1653.5618,0.05033
6,11,1655.5632,0.03706
6,11,1657.5488,0.02412
6,11,1659.5682,0.0136
6,11,1660.8359,0.01
6,12,1595.4006,0.01
6,12,1596.9772,0.01339
6,12,1598.9484,0.01968
6,12,1600.9572,0.03035
6,12,1602.951,0.04823
6,12,1604.9786,0.07859
6,12,1606.9412,0.12512
6,12,1608.9381,0.19451
6,12,1610.9703,0.29199
6,12,1612.944,0.40579
6,12,1614.9594,0.54921
6,12,1616.972,0.70405
6,12,1618.9385,0.84571
6,12,1620.9585,0.9525
6,12,1622.9396,0.9841
6,12,1624.9811,0.99335
6,12,1626.9385,0.99978
6,12,1628.9595,1.0
6,12,1630.9451,0.9828
6,12,1632.9434,0.94915
6,12,1634.9528,0.88661
6,12,1636.9707,0.79776
6,12,1638.9431,0.68792
6,12,1640.968,0.56653
6,12,1642.9404,0.44983
6,12,1644.9581,0.33836
6,12,1646.967,0.22252
6,12,1648.9645,0.12768
6,12,1650.9481,0.08125
6,12,1652.9657,0.05528
6,12,1654.9672,0.04026
6,12,1656.9528,0.02554
6,12,1658.9722,0.01413
6,12,1660.4368,0.01
6,13,1595.3624,0.01
6,13,1597.0728,0.01393
6,13,1599.0439,0.02045
6,13,1601.0527,0.03202
6,13,1603.0466,0.05096
6,13,1605.0742,0.08288
6,13,1607.0367,0.1303
6,13,1609.0337,0.20132
6,13,1611.0659,0.30073
6,13,1613.0396,0.41573
6,13,1615.0549,0.55853
6,13,1617.0676,0.70953
6,13,1619.0341,0.84795
6,13,1621.0541,0.95337
6,13,1623.0352,0.98282
6,13,1625.0767,0.99464
6,13,1627.0341,1.0
6,13,1629.0551,0.9986
6,13,1631.0406,0.97911
6,13,1633.0389,0.94134
6,13,1635.0483,0.8767
6,13,1637.0663,0.78847
6,13,1639.0387,0.67978
6,13,1641.0636,0.56058
6,13,1643.036,0.44587
6,13,1645.0537,0.33821
6,13,1647.0626,0.22183
6,13,1649.0601,0.12739
6,13,1651.0437,0.08222
6,13,1653.0613,0.05647
6,13,1655.0627,0.04102
6,13,1657.0483,0.02599
6,13,1659.0677,0.01399
6,13,1660.5186,0.01
6,14,1595.3707,0.01
6,14,1597.0862,0.01379
6,14,1599.0574,0.0204
6,14,1601.0662,0.03189
6,14,1603.0601,0.05081
6,14,1605.0876,0.08271
6,14,1607.0502,0.12927
6,14,1609.0471,0.19961
6,14,1611.0793,0.29893
6,14,1613.053,0.41577
6,14,1615.0684,0.55973
6,14,1617.0811,0.70874
6,14,1619.0475,0.84466
6,14,1621.0675,0.95157
6,14,1623.0486,0.98328
6,14,1625.0901,0.99607
6,14,1627.0475,1.0
6,14,1629.0685,0.99723
6,14,1631.0541,0.97755
6,14,1633.0524,0.93833
6,14,1635.0618,0.87243
6,14,1637.0797,0.7833
6,14,1639.0521,0.67509
6,14,1641.077,0.55612
6,14,1643.0494,0.44054
6,14,1645.0671,0.33498
6,14,1647.076,0.22172
6,14,1649.0735,0.12813
6,14,1651.0571,0.08213
6,14,1653.0747,0.05621
6,14,1655.0762,0.04079
6,14,1657.0618,0.02615
6,14,1659.0812,0.014
6,14,1660.5598,0.01
6,15,1595.474,0.01
6,15,1597.0377,0.01337
6,15,1599.0089,0.01987
6,15,1601.0177,0.03095
6,15,1603.0116,0.04977
6,15,1605.0392,0.08075
6,15,1607.0017,0.12571
6,15,1608.9987,0.19498
6,15,1611.0309,0.29392
6,15,1613.0045,0.41335
6,15,1615.0199,0.55756
6,15,1617.0326,0.70596
6,15,1618.999,0.8415
6,15,1621.019,0.95403
6,15,1623.0001,0.98983
6,15,1625.0416,1.0
6,15,1626.999,0.9993
6,15,1629.02,0.99443
6,15,1631.0056,0.9756
6,15,1633.0039,0.93729
6,15,1635.0133,0.87328
6,15,1637.0312,0.78437
6,15,1639.0037,0.67589
6,15,1641.0286,0.55575
6,15,1643.001,0.43919
6,15,1645.0187,0.33565
6,15,1647.0276,0.22682
6,15,1649.025,0.13233
6,15,1651.0087,0.08267
6,15,1653.0262,0.05617
6,15,1655.0277,0.04083
6,15,1657.0133,0.02683
6,15,1659.0327,0.01478
6,15,1660.5953,0.01
6,16,1595.3837,0.01
6,16,1597.1837,0.01434
6,16,1599.1549,0.02143
6,16,1601.1637,0.03391
6,16,1603.1576,0.0549
6,16,1605.1852,0.08877
6,16,1607.1477,0.13776
6,16,1609.1447,0.21095
6,16,1611.1769,0.31427
6,16,1613.1505,0.43455
6,16,1615.1659,0.5692
6,16,1617.1786,0.70867
6,16,1619.145,0.83908
6,16,1621.165,0.95446
6,16,1623.1461,0.99609
6,16,1625.1876,1.0
6,16,1627.145,0.99421
6,16,1629.166,0.98548
6,16,1631.1516,0.96439
6,16,1633.1499,0.92391
6,16,1635.1593,0.86047
6,16,1637.1772,0.77222
6,16,1639.1497,0.66473
6,16,1641.1746,0.54718
6,16,1643.147,0.43455
6,16,1645.1647,0.33615
6,16,1647.1736,0.23544
6,16,1649.171,0.13864
6,16,1651.1547,0.08339
6,16,1653.1722,0.05628
6,16,1655.1737,0.0408
6,16,1657.1593,0.02793
6,16,1659.1787,0.01621
6,16,1660.8654,0.01
6,17,1595.6117,0.01
6,17,1597.144,0.0138
6,17,1599.1152,0.02059
6,17,1601.124,0.03278
6,17,1603.1179,0.05178
6,17,1605.1455,0.08409
6,17,1607.108,0.1323
6,17,1609.105,0.20571
6,17,1611.1372,0.30912
6,17,1613.1108,0.43001
6,17,1615.1262,0.55983
6,17,1617.1389,0.69634
6,17,1619.1053,0.82719
6,17,1621.1254,0.94828
6,17,1623.1064,1.0
6,17,1625.1479,0.99283
6,17,1627.1053,0.97897
6,17,1629.1263,0.97064
6,17,1631.1119,0.95305
6,17,1633.1102,0.91876
6,17,1635.1196,0.86081
6,17,1637.1376,0.77029
6,17,1639.11,0.65783
6,17,1641.1349,0.53439
6,17,1643.1073,0.4226
6,17,1645.125,0.33007
6,17,1647.1339,0.24148
6,17,1649.1313,0.14559
6,17,1651.115,0.08123
6,17,1653.1326,0.05361
6,17,1655.134,0.03912
6,17,1657.1196,0.02819
6,17,1659.139,0.01771
6,17,1660.8048,0.01
6,18,1595.6117,0.01
6,18,1597.144,0.0138
6,18,1599.1152,0.02059
6,18,1601.124,0.03278
6,18,1603.1179,0.05178
6,18,1605.1455,0.08409
6,18,1607.108,0.1323
6,18,1609.105,0.20571
6,18,1611.1372,0.30912
6,18,1613.1108,0.43001
6,18,1615.1262,0.55983
6,18,1617.1389,0.69634
6,18,1619.1053,0.82719
6,18,1621.1254,0.94828
6,18,1623.1064,1.0
6,18,1625.1479,0.99283
6,18,1627.1053,0.97897
6,18,1629.1263,0.97064
6,18,1631.1119,0.95305
6,18,1633.1102,0.91876
6,18,1635.1196,0.86081
6,18,1637.1376,0.77029
6,18,1639.11,0.65783
6,18,1641.1349,0.53439
6,18,1643.1073,0.4226
6,18,1645.125,0.33007
6,18,1647.1339,0.24148
6,18,1649.1313,0.14559
6,18,1651.115,0.08123
6,18,1653.1326,0.05361
6,18,1655.134,0.03912
6,18,1657.1196,0.02819
6,18,1659.139,0.01771
6,18,1660.8048,0.01
6,19,1595.6117,0.01
6,19,1597.144,0.0138
6,19,1599.1152,0.02059
6,19,1601.124,0.03278
6,19,1603.1179,0.05178
6,19,1605.1455,0.08409
6,19,1607.108,0.1323
6,19,1609.105,0.20571
6,19,1611.1372,0.30912
6,19,1613.1108,0.43001
6,19,1615.1262,0.55983
6,19,1617.1389,0.69634
6,19,1619.1053,0.82719
6,19,1621.1254,0.94828
6,19,1623.1064,1.0
6,19,1625.1479,0.99283
6,19,1627.1053,0.97897
6,19,1629.1263,0.97064
6,19,1631.1119,0.95305
6,19,1633.1102,0.91876
6,19,1635.1196,0.86081
6,19,1637.1376,0.77029
6,19,1639.11,0.65783
6,19,1641.1349,0.53439
6,19,1643.1073,0.4226
6,19,1645.125,0.33007
6,19,1647.1339,0.24148
6,19,1649.1313,0.14559
6,19,1651.115,0.08123
6,19,1653.1326,0.05361
6,19,1655.134,0.03912
6,19,1657.1196,0.02819
6,19,1659.139,0.01771
6,19,1660.8048,0.01
6,20,1595.6117,0.01
6,20,1597.144,0.0138
6,20,1599.1152,0.02059
6,20,1601.124,0.03278
6,20,1603.1179,0.05178
6,20,1605.1455,0.08409
6,20,1607.108,0.1323
6,20,1609.105,0.20571
6,20,1611.1372,0.30912
6,20,1613.1108,0.43001
6,20,1615.1262,0.55983
6,20,1617.1389,0.69634
6,20,1619.1053,0.82719
6,20,1621.1254,0.94828
6,20,1623.1064,1.0
6,20,1625.1479,0.99283
6,20,1627.1053,0.97897
6,20,1629.1263,0.97064
6,20,1631.1119,0.95305
6,20,1633.1102,0.91876
6,20,1635.1196,0.86081
6,20,1637.1376,0.77029
6,20,1639.11,0.65783
6,20,1641.1349,0.53439
6,20,1643.1073,0.4226
6,20,1645.125,0.33007
6,20,1647.1339,0.24148
6,20,1649.1313,0.14559
6,20,1651.115,0.08123
6,20,1653.1326,0.05361
6,20,1655.134,0.03912
6,20,1657.1196,0.02819
6,20,1659.139,0.01771
6,20,1660.8048,0.01
